# 1st line: vertCount boneCount maxInfluences
# Each subsequent line corresponds to a vertex.
# In each line, the first number is the number of bone influences for the vertex.
# The next numbers are "influence" pairs of {bone index, bone weight}.
896 2 2
1 1 0.988272 
1 1 0.999124 
1 1 0.999144 
1 1 0.988272 
1 1 0.988272 
1 1 0.999144 
1 1 0.999169 
1 1 0.988272 
1 1 0.988272 
1 1 0.999169 
1 1 0.999144 
1 1 0.988272 
1 1 0.988272 
1 1 0.999144 
1 1 0.999124 
1 1 0.988272 
1 1 0.988272 
1 1 0.999124 
1 1 0.999119 
1 1 0.988272 
1 1 0.988272 
1 1 0.999119 
1 1 0.999117 
1 1 0.988272 
1 1 0.988272 
1 1 0.999117 
1 1 0.999121 
1 1 0.988272 
1 1 0.988272 
1 1 0.999121 
1 1 0.999128 
1 1 0.988272 
1 1 0.988272 
1 1 0.999128 
1 1 0.999151 
1 1 0.988272 
1 1 0.988272 
1 1 0.999151 
1 1 0.999178 
1 1 0.988272 
1 1 0.988272 
1 1 0.999178 
1 1 0.999151 
1 1 0.988272 
1 1 0.988272 
1 1 0.999151 
1 1 0.999128 
1 1 0.988272 
1 1 0.988272 
1 1 0.999128 
1 1 0.999121 
1 1 0.988272 
1 1 0.988272 
1 1 0.999121 
1 1 0.999117 
1 1 0.988272 
1 1 0.988272 
1 1 0.999117 
1 1 0.999120 
1 1 0.988272 
1 1 0.988272 
1 1 0.999120 
1 1 0.999125 
1 1 0.988272 
1 1 0.988272 
1 1 0.999125 
1 1 0.999144 
1 1 0.988272 
1 1 0.988272 
1 1 0.999144 
1 1 0.999169 
1 1 0.988272 
1 1 0.988272 
1 1 0.999169 
1 1 0.999144 
1 1 0.988272 
1 1 0.988272 
1 1 0.999144 
1 1 0.999125 
1 1 0.988272 
1 1 0.988272 
1 1 0.999125 
1 1 0.999120 
1 1 0.988272 
1 1 0.988272 
1 1 0.999120 
1 1 0.999117 
1 1 0.988272 
1 1 0.988272 
1 1 0.999117 
1 1 0.999122 
1 1 0.988272 
1 1 0.988272 
1 1 0.999122 
1 1 0.999129 
1 1 0.988272 
1 1 0.988272 
1 1 0.999129 
1 1 0.999151 
1 1 0.988272 
1 1 0.988272 
1 1 0.999151 
1 1 0.999179 
1 1 0.988272 
1 1 0.988272 
1 1 0.999179 
1 1 0.999151 
1 1 0.988272 
1 1 0.988272 
1 1 0.999151 
1 1 0.999128 
1 1 0.988272 
1 1 0.988272 
1 1 0.999128 
1 1 0.999121 
1 1 0.988272 
1 1 0.988272 
1 1 0.999121 
1 1 0.999117 
1 1 0.988272 
1 1 0.999144 
1 1 0.999124 
1 1 0.999119 
1 1 0.999117 
1 1 0.999121 
1 1 0.999128 
1 1 0.999151 
1 1 0.999179 
1 1 0.999151 
1 1 0.999129 
1 1 0.999122 
1 1 0.999117 
1 1 0.999120 
1 1 0.999125 
1 1 0.999144 
1 1 0.999169 
1 1 0.999144 
1 1 0.999125 
1 1 0.999120 
1 1 0.999117 
1 1 0.999121 
1 1 0.999128 
1 1 0.999151 
1 1 0.999178 
1 1 0.999151 
1 1 0.999128 
1 1 0.999121 
1 1 0.999117 
1 1 0.999119 
1 1 0.999124 
1 1 0.999144 
1 1 0.999169 
1 1 0.988272 
1 1 0.999117 
1 1 0.999119 
1 1 0.988272 
1 1 0.988272 
1 1 0.999119 
1 1 0.999124 
1 1 0.988272 
1 0 0.998722 
1 0 0.998692 
1 0 0.998685 
1 0 0.998681 
1 0 0.998688 
1 0 0.998698 
1 0 0.998731 
1 0 0.998772 
1 0 0.998731 
1 0 0.998698 
1 0 0.998688 
1 0 0.998681 
1 0 0.998685 
1 0 0.998692 
1 0 0.998722 
1 0 0.998758 
1 0 0.998722 
1 0 0.998692 
1 0 0.998685 
1 0 0.998681 
1 0 0.998688 
1 0 0.998698 
1 0 0.998731 
1 0 0.998772 
1 0 0.998731 
1 0 0.998698 
1 0 0.998688 
1 0 0.998682 
1 0 0.998685 
1 0 0.998693 
1 0 0.998722 
1 0 0.998758 
2 0 0.600503 1 0.399497 
2 0 0.402650 1 0.597350 
2 0 0.402650 1 0.597350 
2 0 0.600503 1 0.399497 
2 0 0.600503 1 0.399497 
2 0 0.402650 1 0.597350 
2 0 0.402650 1 0.597350 
2 0 0.600503 1 0.399497 
2 0 0.600503 1 0.399497 
2 0 0.402650 1 0.597350 
2 0 0.402650 1 0.597350 
2 0 0.600503 1 0.399497 
2 0 0.600503 1 0.399497 
2 0 0.402650 1 0.597350 
2 0 0.402650 1 0.597350 
2 0 0.600503 1 0.399497 
2 0 0.600503 1 0.399497 
2 0 0.402650 1 0.597350 
2 0 0.402650 1 0.597350 
2 0 0.600503 1 0.399497 
2 0 0.600503 1 0.399497 
2 0 0.402650 1 0.597350 
2 0 0.402650 1 0.597350 
2 0 0.600503 1 0.399497 
2 0 0.600503 1 0.399497 
2 0 0.402650 1 0.597350 
2 0 0.402650 1 0.597350 
2 0 0.600503 1 0.399497 
2 0 0.600503 1 0.399497 
2 0 0.402650 1 0.597350 
2 0 0.402650 1 0.597350 
2 0 0.600503 1 0.399497 
2 0 0.600503 1 0.399497 
2 0 0.402650 1 0.597350 
2 0 0.402650 1 0.597350 
2 0 0.600503 1 0.399497 
2 0 0.600503 1 0.399497 
2 0 0.402650 1 0.597350 
2 0 0.402650 1 0.597350 
2 0 0.600503 1 0.399497 
2 0 0.600503 1 0.399497 
2 0 0.402650 1 0.597350 
2 0 0.402650 1 0.597350 
2 0 0.600503 1 0.399497 
2 0 0.600503 1 0.399497 
2 0 0.402650 1 0.597350 
2 0 0.402650 1 0.597350 
2 0 0.600503 1 0.399497 
2 0 0.600503 1 0.399497 
2 0 0.402650 1 0.597350 
2 0 0.402650 1 0.597350 
2 0 0.600503 1 0.399497 
2 0 0.600503 1 0.399497 
2 0 0.402650 1 0.597350 
2 0 0.402650 1 0.597350 
2 0 0.600503 1 0.399497 
2 0 0.600503 1 0.399497 
2 0 0.402650 1 0.597350 
2 0 0.402650 1 0.597350 
2 0 0.600503 1 0.399497 
2 0 0.600503 1 0.399497 
2 0 0.402650 1 0.597350 
2 0 0.402650 1 0.597350 
2 0 0.600503 1 0.399497 
2 0 0.600503 1 0.399497 
2 0 0.402650 1 0.597350 
2 0 0.402650 1 0.597350 
2 0 0.600503 1 0.399497 
2 0 0.600503 1 0.399497 
2 0 0.402650 1 0.597350 
2 0 0.402650 1 0.597350 
2 0 0.600503 1 0.399497 
2 0 0.600503 1 0.399497 
2 0 0.402650 1 0.597350 
2 0 0.402650 1 0.597350 
2 0 0.600503 1 0.399497 
2 0 0.600503 1 0.399497 
2 0 0.402650 1 0.597350 
2 0 0.402650 1 0.597350 
2 0 0.600503 1 0.399497 
2 0 0.600503 1 0.399497 
2 0 0.402650 1 0.597350 
2 0 0.402650 1 0.597350 
2 0 0.600503 1 0.399497 
2 0 0.600503 1 0.399497 
2 0 0.402650 1 0.597350 
2 0 0.402650 1 0.597350 
2 0 0.600503 1 0.399497 
2 0 0.600503 1 0.399497 
2 0 0.402650 1 0.597350 
2 0 0.402650 1 0.597350 
2 0 0.600503 1 0.399497 
2 0 0.600503 1 0.399497 
2 0 0.402650 1 0.597350 
2 0 0.402650 1 0.597350 
2 0 0.600503 1 0.399497 
2 0 0.600503 1 0.399497 
2 0 0.402650 1 0.597350 
2 0 0.402650 1 0.597350 
2 0 0.600503 1 0.399497 
2 0 0.600503 1 0.399497 
2 0 0.402650 1 0.597350 
2 0 0.402650 1 0.597350 
2 0 0.600503 1 0.399497 
2 0 0.600503 1 0.399497 
2 0 0.402650 1 0.597350 
2 0 0.402650 1 0.597350 
2 0 0.600503 1 0.399497 
2 0 0.600503 1 0.399497 
2 0 0.402650 1 0.597350 
2 0 0.402650 1 0.597350 
2 0 0.600503 1 0.399497 
2 0 0.600503 1 0.399497 
2 0 0.402650 1 0.597350 
2 0 0.402650 1 0.597350 
2 0 0.600503 1 0.399497 
2 0 0.600503 1 0.399497 
2 0 0.402650 1 0.597350 
2 0 0.402650 1 0.597350 
2 0 0.600503 1 0.399497 
2 0 0.600503 1 0.399497 
2 0 0.402650 1 0.597350 
2 0 0.402650 1 0.597350 
2 0 0.600503 1 0.399497 
2 0 0.600503 1 0.399497 
2 0 0.402650 1 0.597350 
2 0 0.402650 1 0.597350 
2 0 0.600503 1 0.399497 
2 0 0.269285 1 0.730715 
2 0 0.269285 1 0.730715 
2 0 0.269285 1 0.730715 
2 0 0.269285 1 0.730715 
2 0 0.269285 1 0.730715 
2 0 0.269285 1 0.730715 
2 0 0.269285 1 0.730715 
2 0 0.269285 1 0.730715 
2 0 0.269285 1 0.730715 
2 0 0.269285 1 0.730715 
2 0 0.269285 1 0.730715 
2 0 0.269285 1 0.730715 
2 0 0.269285 1 0.730715 
2 0 0.269285 1 0.730715 
2 0 0.269285 1 0.730715 
2 0 0.269285 1 0.730715 
2 0 0.269285 1 0.730715 
2 0 0.269285 1 0.730715 
2 0 0.269285 1 0.730715 
2 0 0.269285 1 0.730715 
2 0 0.269285 1 0.730715 
2 0 0.269285 1 0.730715 
2 0 0.269285 1 0.730715 
2 0 0.269285 1 0.730715 
2 0 0.269285 1 0.730715 
2 0 0.269285 1 0.730715 
2 0 0.269285 1 0.730715 
2 0 0.269285 1 0.730715 
2 0 0.269285 1 0.730715 
2 0 0.269285 1 0.730715 
2 0 0.269285 1 0.730715 
2 0 0.269285 1 0.730715 
2 0 0.269285 1 0.730715 
2 0 0.269285 1 0.730715 
2 0 0.269285 1 0.730715 
2 0 0.269285 1 0.730715 
2 0 0.269285 1 0.730715 
2 0 0.269285 1 0.730715 
2 0 0.269285 1 0.730715 
2 0 0.269285 1 0.730715 
2 0 0.269285 1 0.730715 
2 0 0.269285 1 0.730715 
2 0 0.269285 1 0.730715 
2 0 0.269285 1 0.730715 
2 0 0.269285 1 0.730715 
2 0 0.269285 1 0.730715 
2 0 0.269285 1 0.730715 
2 0 0.269285 1 0.730715 
2 0 0.269285 1 0.730715 
2 0 0.269285 1 0.730715 
2 0 0.269285 1 0.730715 
2 0 0.269285 1 0.730715 
2 0 0.269285 1 0.730715 
2 0 0.269285 1 0.730715 
2 0 0.269285 1 0.730715 
2 0 0.269285 1 0.730715 
2 0 0.269285 1 0.730715 
2 0 0.269285 1 0.730715 
2 0 0.269285 1 0.730715 
2 0 0.269285 1 0.730715 
2 0 0.269285 1 0.730715 
2 0 0.269285 1 0.730715 
2 0 0.269285 1 0.730715 
2 0 0.269285 1 0.730715 
2 0 0.729199 1 0.270801 
2 0 0.729199 1 0.270801 
2 0 0.729199 1 0.270801 
2 0 0.729199 1 0.270801 
2 0 0.729199 1 0.270801 
2 0 0.729199 1 0.270801 
2 0 0.729199 1 0.270801 
2 0 0.729199 1 0.270801 
2 0 0.729199 1 0.270801 
2 0 0.729200 1 0.270801 
2 0 0.729200 1 0.270801 
2 0 0.729200 1 0.270801 
2 0 0.729200 1 0.270801 
2 0 0.729200 1 0.270801 
2 0 0.729200 1 0.270801 
2 0 0.729200 1 0.270801 
2 0 0.729200 1 0.270801 
2 0 0.729200 1 0.270801 
2 0 0.729200 1 0.270801 
2 0 0.729200 1 0.270801 
2 0 0.729200 1 0.270801 
2 0 0.729200 1 0.270801 
2 0 0.729200 1 0.270801 
2 0 0.729200 1 0.270801 
2 0 0.729200 1 0.270801 
2 0 0.729200 1 0.270801 
2 0 0.729200 1 0.270801 
2 0 0.729200 1 0.270801 
2 0 0.729200 1 0.270801 
2 0 0.729200 1 0.270801 
2 0 0.729200 1 0.270801 
2 0 0.729200 1 0.270801 
2 0 0.729200 1 0.270801 
2 0 0.729200 1 0.270801 
2 0 0.729200 1 0.270801 
2 0 0.729200 1 0.270801 
2 0 0.729200 1 0.270801 
2 0 0.729200 1 0.270801 
2 0 0.729200 1 0.270801 
2 0 0.729200 1 0.270801 
2 0 0.729200 1 0.270801 
2 0 0.729199 1 0.270801 
2 0 0.729199 1 0.270801 
2 0 0.729199 1 0.270801 
2 0 0.729199 1 0.270801 
2 0 0.729199 1 0.270801 
2 0 0.729199 1 0.270801 
2 0 0.729199 1 0.270801 
2 0 0.729199 1 0.270801 
2 0 0.729199 1 0.270801 
2 0 0.729199 1 0.270801 
2 0 0.729199 1 0.270801 
2 0 0.729199 1 0.270801 
2 0 0.729199 1 0.270801 
2 0 0.729199 1 0.270801 
2 0 0.729199 1 0.270801 
2 0 0.729199 1 0.270801 
2 0 0.729199 1 0.270801 
2 0 0.729199 1 0.270801 
2 0 0.729199 1 0.270801 
2 0 0.729199 1 0.270801 
2 0 0.729199 1 0.270801 
2 0 0.729199 1 0.270801 
2 0 0.729199 1 0.270801 
2 0 0.182536 1 0.817464 
2 0 0.182536 1 0.817464 
2 0 0.182536 1 0.817464 
2 0 0.182536 1 0.817464 
2 0 0.182536 1 0.817464 
2 0 0.182536 1 0.817464 
2 0 0.182536 1 0.817464 
2 0 0.182536 1 0.817464 
2 0 0.182536 1 0.817464 
2 0 0.182536 1 0.817464 
2 0 0.182536 1 0.817464 
2 0 0.182536 1 0.817464 
2 0 0.182536 1 0.817464 
2 0 0.182536 1 0.817464 
2 0 0.182536 1 0.817464 
2 0 0.182536 1 0.817464 
2 0 0.182536 1 0.817464 
2 0 0.182536 1 0.817464 
2 0 0.182536 1 0.817464 
2 0 0.182536 1 0.817464 
2 0 0.182536 1 0.817464 
2 0 0.182536 1 0.817464 
2 0 0.182536 1 0.817464 
2 0 0.182536 1 0.817464 
2 0 0.182536 1 0.817464 
2 0 0.182536 1 0.817464 
2 0 0.182536 1 0.817464 
2 0 0.182536 1 0.817464 
2 0 0.182536 1 0.817464 
2 0 0.182536 1 0.817464 
2 0 0.182536 1 0.817464 
2 0 0.182536 1 0.817464 
2 0 0.182536 1 0.817464 
2 0 0.182536 1 0.817464 
2 0 0.182536 1 0.817464 
2 0 0.182536 1 0.817464 
2 0 0.182536 1 0.817464 
2 0 0.182536 1 0.817464 
2 0 0.182536 1 0.817464 
2 0 0.182536 1 0.817464 
2 0 0.182536 1 0.817464 
2 0 0.182536 1 0.817464 
2 0 0.182536 1 0.817464 
2 0 0.182536 1 0.817464 
2 0 0.182536 1 0.817464 
2 0 0.182536 1 0.817464 
2 0 0.182536 1 0.817464 
2 0 0.182536 1 0.817464 
2 0 0.182536 1 0.817464 
2 0 0.182536 1 0.817464 
2 0 0.182536 1 0.817464 
2 0 0.182536 1 0.817464 
2 0 0.182536 1 0.817464 
2 0 0.182536 1 0.817464 
2 0 0.182536 1 0.817464 
2 0 0.182536 1 0.817464 
2 0 0.182536 1 0.817464 
2 0 0.182536 1 0.817464 
2 0 0.182536 1 0.817464 
2 0 0.182536 1 0.817464 
2 0 0.182536 1 0.817464 
2 0 0.182536 1 0.817464 
2 0 0.182536 1 0.817464 
2 0 0.182536 1 0.817464 
2 0 0.815205 1 0.184795 
2 0 0.815205 1 0.184795 
2 0 0.815205 1 0.184795 
2 0 0.815205 1 0.184795 
2 0 0.815205 1 0.184795 
2 0 0.815205 1 0.184795 
2 0 0.815205 1 0.184795 
2 0 0.815205 1 0.184795 
2 0 0.815205 1 0.184795 
2 0 0.815205 1 0.184795 
2 0 0.815205 1 0.184795 
2 0 0.815205 1 0.184795 
2 0 0.815205 1 0.184795 
2 0 0.815205 1 0.184795 
2 0 0.815205 1 0.184795 
2 0 0.815205 1 0.184795 
2 0 0.815205 1 0.184795 
2 0 0.815205 1 0.184795 
2 0 0.815205 1 0.184795 
2 0 0.815205 1 0.184795 
2 0 0.815205 1 0.184795 
2 0 0.815205 1 0.184795 
2 0 0.815205 1 0.184795 
2 0 0.815205 1 0.184795 
2 0 0.815205 1 0.184795 
2 0 0.815205 1 0.184795 
2 0 0.815205 1 0.184795 
2 0 0.815205 1 0.184795 
2 0 0.815205 1 0.184795 
2 0 0.815205 1 0.184795 
2 0 0.815205 1 0.184795 
2 0 0.815205 1 0.184795 
2 0 0.815205 1 0.184795 
2 0 0.815205 1 0.184795 
2 0 0.815205 1 0.184795 
2 0 0.815205 1 0.184795 
2 0 0.815205 1 0.184795 
2 0 0.815205 1 0.184795 
2 0 0.815205 1 0.184795 
2 0 0.815205 1 0.184795 
2 0 0.815205 1 0.184795 
2 0 0.815205 1 0.184795 
2 0 0.815205 1 0.184795 
2 0 0.815205 1 0.184795 
2 0 0.815205 1 0.184795 
2 0 0.815205 1 0.184795 
2 0 0.815205 1 0.184795 
2 0 0.815205 1 0.184795 
2 0 0.815205 1 0.184795 
2 0 0.815205 1 0.184795 
2 0 0.815205 1 0.184795 
2 0 0.815205 1 0.184795 
2 0 0.815205 1 0.184795 
2 0 0.815205 1 0.184795 
2 0 0.815205 1 0.184795 
2 0 0.815205 1 0.184795 
2 0 0.815205 1 0.184795 
2 0 0.815205 1 0.184795 
2 0 0.815205 1 0.184795 
2 0 0.815205 1 0.184795 
2 0 0.815205 1 0.184795 
2 0 0.815205 1 0.184795 
2 0 0.815205 1 0.184795 
2 0 0.815205 1 0.184795 
2 0 0.912201 1 0.087799 
2 0 0.912201 1 0.087799 
2 0 0.912201 1 0.087799 
2 0 0.912201 1 0.087799 
2 0 0.912201 1 0.087799 
2 0 0.912201 1 0.087799 
2 0 0.912201 1 0.087799 
2 0 0.912201 1 0.087799 
2 0 0.912201 1 0.087799 
2 0 0.912201 1 0.087799 
2 0 0.912201 1 0.087799 
2 0 0.912201 1 0.087799 
2 0 0.912201 1 0.087799 
2 0 0.912201 1 0.087799 
2 0 0.912201 1 0.087799 
2 0 0.912201 1 0.087799 
2 0 0.912201 1 0.087799 
2 0 0.912201 1 0.087799 
2 0 0.912201 1 0.087799 
2 0 0.912201 1 0.087799 
2 0 0.912201 1 0.087799 
2 0 0.912201 1 0.087799 
2 0 0.912201 1 0.087799 
2 0 0.912201 1 0.087799 
2 0 0.912201 1 0.087799 
2 0 0.912201 1 0.087799 
2 0 0.912201 1 0.087799 
2 0 0.912201 1 0.087799 
2 0 0.912201 1 0.087799 
2 0 0.912201 1 0.087799 
2 0 0.912201 1 0.087799 
2 0 0.912201 1 0.087799 
2 0 0.912201 1 0.087799 
2 0 0.912201 1 0.087799 
2 0 0.912201 1 0.087799 
2 0 0.912201 1 0.087799 
2 0 0.912201 1 0.087799 
2 0 0.912201 1 0.087799 
2 0 0.912201 1 0.087799 
2 0 0.912201 1 0.087799 
2 0 0.912201 1 0.087799 
2 0 0.912201 1 0.087799 
2 0 0.912201 1 0.087799 
2 0 0.912201 1 0.087799 
2 0 0.912201 1 0.087799 
2 0 0.912201 1 0.087799 
2 0 0.912201 1 0.087799 
2 0 0.912201 1 0.087799 
2 0 0.912201 1 0.087799 
2 0 0.912201 1 0.087799 
2 0 0.912201 1 0.087799 
2 0 0.912201 1 0.087799 
2 0 0.912201 1 0.087799 
2 0 0.912201 1 0.087799 
2 0 0.912201 1 0.087799 
2 0 0.912201 1 0.087799 
2 0 0.912201 1 0.087799 
2 0 0.912201 1 0.087799 
2 0 0.912201 1 0.087799 
2 0 0.912201 1 0.087799 
2 0 0.912201 1 0.087799 
2 0 0.912201 1 0.087799 
2 0 0.912201 1 0.087799 
2 0 0.912201 1 0.087799 
2 0 0.124563 1 0.875437 
2 0 0.124563 1 0.875437 
2 0 0.124563 1 0.875437 
2 0 0.124563 1 0.875437 
2 0 0.124563 1 0.875437 
2 0 0.124563 1 0.875437 
2 0 0.124563 1 0.875437 
2 0 0.124563 1 0.875437 
2 0 0.124563 1 0.875437 
2 0 0.124563 1 0.875437 
2 0 0.124563 1 0.875437 
2 0 0.124563 1 0.875437 
2 0 0.124563 1 0.875437 
2 0 0.124563 1 0.875437 
2 0 0.124563 1 0.875437 
2 0 0.124563 1 0.875437 
2 0 0.124563 1 0.875437 
2 0 0.124563 1 0.875437 
2 0 0.124563 1 0.875437 
2 0 0.124563 1 0.875437 
2 0 0.124563 1 0.875437 
2 0 0.124563 1 0.875437 
2 0 0.124563 1 0.875437 
2 0 0.124563 1 0.875437 
2 0 0.124563 1 0.875437 
2 0 0.124563 1 0.875437 
2 0 0.124563 1 0.875437 
2 0 0.124563 1 0.875437 
2 0 0.124563 1 0.875437 
2 0 0.124563 1 0.875437 
2 0 0.124563 1 0.875437 
2 0 0.124563 1 0.875437 
2 0 0.124563 1 0.875437 
2 0 0.124563 1 0.875437 
2 0 0.124563 1 0.875437 
2 0 0.124563 1 0.875437 
2 0 0.124563 1 0.875437 
2 0 0.124563 1 0.875437 
2 0 0.124563 1 0.875437 
2 0 0.124563 1 0.875437 
2 0 0.124563 1 0.875437 
2 0 0.124563 1 0.875437 
2 0 0.124563 1 0.875437 
2 0 0.124563 1 0.875437 
2 0 0.124563 1 0.875437 
2 0 0.124563 1 0.875437 
2 0 0.124563 1 0.875437 
2 0 0.124563 1 0.875437 
2 0 0.124563 1 0.875437 
2 0 0.124563 1 0.875437 
2 0 0.124563 1 0.875437 
2 0 0.124563 1 0.875437 
2 0 0.124563 1 0.875437 
2 0 0.124563 1 0.875437 
2 0 0.124563 1 0.875437 
2 0 0.124563 1 0.875437 
2 0 0.124563 1 0.875437 
2 0 0.124563 1 0.875437 
2 0 0.124563 1 0.875437 
2 0 0.124563 1 0.875437 
2 0 0.124563 1 0.875437 
2 0 0.124563 1 0.875437 
2 0 0.124563 1 0.875437 
2 0 0.124563 1 0.875437 
2 0 0.059182 1 0.940818 
2 0 0.059182 1 0.940818 
2 0 0.059182 1 0.940818 
2 0 0.059182 1 0.940818 
2 0 0.059182 1 0.940818 
2 0 0.059182 1 0.940818 
2 0 0.059182 1 0.940818 
2 0 0.059182 1 0.940818 
2 0 0.059181 1 0.940818 
2 0 0.059182 1 0.940818 
2 0 0.059181 1 0.940818 
2 0 0.059181 1 0.940818 
2 0 0.059181 1 0.940818 
2 0 0.059181 1 0.940818 
2 0 0.059182 1 0.940818 
2 0 0.059181 1 0.940818 
2 0 0.059182 1 0.940818 
2 0 0.059182 1 0.940818 
2 0 0.059182 1 0.940818 
2 0 0.059182 1 0.940818 
2 0 0.059182 1 0.940818 
2 0 0.059182 1 0.940818 
2 0 0.059182 1 0.940819 
2 0 0.059182 1 0.940818 
2 0 0.059182 1 0.940819 
2 0 0.059182 1 0.940819 
2 0 0.059182 1 0.940819 
2 0 0.059182 1 0.940819 
2 0 0.059182 1 0.940819 
2 0 0.059182 1 0.940819 
2 0 0.059182 1 0.940819 
2 0 0.059182 1 0.940819 
2 0 0.059182 1 0.940818 
2 0 0.059182 1 0.940819 
2 0 0.059182 1 0.940818 
2 0 0.059182 1 0.940818 
2 0 0.059182 1 0.940818 
2 0 0.059182 1 0.940818 
2 0 0.059182 1 0.940818 
2 0 0.059182 1 0.940818 
2 0 0.059181 1 0.940819 
2 0 0.059182 1 0.940818 
2 0 0.059181 1 0.940819 
2 0 0.059181 1 0.940819 
2 0 0.059181 1 0.940819 
2 0 0.059181 1 0.940819 
2 0 0.059182 1 0.940819 
2 0 0.059181 1 0.940819 
2 0 0.059182 1 0.940819 
2 0 0.059182 1 0.940819 
2 0 0.059182 1 0.940818 
2 0 0.059182 1 0.940819 
2 0 0.059182 1 0.940818 
2 0 0.059182 1 0.940818 
2 0 0.059182 1 0.940818 
2 0 0.059182 1 0.940818 
2 0 0.059182 1 0.940819 
2 0 0.059182 1 0.940818 
2 0 0.059182 1 0.940819 
2 0 0.059182 1 0.940819 
2 0 0.059182 1 0.940818 
2 0 0.059182 1 0.940819 
2 0 0.059182 1 0.940818 
2 0 0.059182 1 0.940818 
1 0 0.982601 
1 0 0.982600 
1 0 0.982600 
1 0 0.982601 
1 0 0.982600 
1 0 0.982600 
1 0 0.982600 
1 0 0.982600 
1 0 0.982600 
1 0 0.982600 
1 0 0.982600 
1 0 0.982600 
1 0 0.982600 
1 0 0.982600 
1 0 0.982601 
1 0 0.982600 
1 0 0.982601 
1 0 0.982601 
1 0 0.982601 
1 0 0.982601 
1 0 0.982600 
1 0 0.982601 
1 0 0.982600 
1 0 0.982600 
1 0 0.982600 
1 0 0.982600 
1 0 0.982600 
1 0 0.982600 
1 0 0.982600 
1 0 0.982600 
1 0 0.982600 
1 0 0.982600 
1 0 0.982601 
1 0 0.982600 
1 0 0.982600 
1 0 0.982601 
1 0 0.982600 
1 0 0.982600 
1 0 0.982600 
1 0 0.982600 
1 0 0.982600 
1 0 0.982600 
1 0 0.982600 
1 0 0.982600 
1 0 0.982600 
1 0 0.982600 
1 0 0.982601 
1 0 0.982600 
1 0 0.982601 
1 0 0.982601 
1 0 0.982601 
1 0 0.982601 
1 0 0.982600 
1 0 0.982601 
1 0 0.982600 
1 0 0.982600 
1 0 0.982600 
1 0 0.982600 
1 0 0.982600 
1 0 0.982600 
1 0 0.982600 
1 0 0.982600 
1 0 0.982600 
1 0 0.982600 
1 0 0.998722 
1 0 0.998692 
1 0 0.998692 
1 0 0.998685 
1 0 0.998685 
1 0 0.998681 
1 0 0.998681 
1 0 0.998688 
1 0 0.998688 
1 0 0.998698 
1 0 0.998698 
1 0 0.998731 
1 0 0.998731 
1 0 0.998772 
1 0 0.998772 
1 0 0.998731 
1 0 0.998731 
1 0 0.998698 
1 0 0.998698 
1 0 0.998688 
1 0 0.998688 
1 0 0.998681 
1 0 0.998681 
1 0 0.998685 
1 0 0.998685 
1 0 0.998692 
1 0 0.998692 
1 0 0.998722 
1 0 0.998722 
1 0 0.998758 
1 0 0.998758 
1 0 0.998722 
1 0 0.998722 
1 0 0.998692 
1 0 0.998692 
1 0 0.998685 
1 0 0.998685 
1 0 0.998681 
1 0 0.998681 
1 0 0.998688 
1 0 0.998688 
1 0 0.998698 
1 0 0.998698 
1 0 0.998731 
1 0 0.998731 
1 0 0.998772 
1 0 0.998772 
1 0 0.998731 
1 0 0.998731 
1 0 0.998698 
1 0 0.998698 
1 0 0.998688 
1 0 0.998688 
1 0 0.998682 
1 0 0.998682 
1 0 0.998685 
1 0 0.998685 
1 0 0.998693 
1 0 0.998693 
1 0 0.998722 
1 0 0.998722 
1 0 0.998758 
1 0 0.998758 
1 0 0.998722 
