# 1st line: vertCount boneCount maxInfluences
# Each subsequent line corresponds to a vertex.
# In each line, the first number is the number of bone influences for the vertex.
# The next numbers are "influence" pairs of {bone index, bone weight}.
896 2 2
1 1 0.993999 
1 1 0.999684 
1 1 0.999670 
1 1 0.993786 
1 1 0.993786 
1 1 0.999670 
1 1 0.999635 
1 1 0.993349 
1 1 0.993349 
1 1 0.999635 
1 1 0.999452 
1 1 0.992714 
1 1 0.992714 
1 1 0.999452 
1 1 0.999257 
1 1 0.991917 
1 1 0.991917 
1 1 0.999257 
1 1 0.999054 
1 1 0.991003 
1 1 0.991003 
1 1 0.999054 
1 1 0.998850 
1 1 0.990014 
1 1 0.990014 
1 1 0.998850 
1 1 0.998633 
1 1 0.988996 
1 1 0.988996 
1 1 0.998633 
1 1 0.998431 
1 1 0.987987 
1 1 0.987987 
1 1 0.998431 
1 1 0.998257 
1 1 0.987026 
1 1 0.987026 
1 1 0.998257 
1 1 0.998114 
1 1 0.986144 
1 1 0.986144 
1 1 0.998114 
1 1 0.997889 
1 1 0.985367 
1 1 0.985367 
1 1 0.997889 
1 1 0.997706 
1 1 0.984718 
1 1 0.984718 
1 1 0.997706 
1 1 0.997575 
1 1 0.984215 
1 1 0.984215 
1 1 0.997575 
1 1 0.997491 
1 1 0.983871 
1 1 0.983871 
1 1 0.997491 
1 1 0.997449 
1 1 0.983695 
1 1 0.983695 
1 1 0.997449 
1 1 0.997456 
1 1 0.983690 
1 1 0.983690 
1 1 0.997456 
1 1 0.997522 
1 1 0.983855 
1 1 0.983855 
1 1 0.997522 
1 1 0.997640 
1 1 0.984186 
1 1 0.984186 
1 1 0.997640 
1 1 0.997701 
1 1 0.984673 
1 1 0.984673 
1 1 0.997701 
1 1 0.997808 
1 1 0.985304 
1 1 0.985304 
1 1 0.997808 
1 1 0.997963 
1 1 0.986062 
1 1 0.986062 
1 1 0.997963 
1 1 0.998152 
1 1 0.986926 
1 1 0.986926 
1 1 0.998152 
1 1 0.998358 
1 1 0.987868 
1 1 0.987868 
1 1 0.998358 
1 1 0.998587 
1 1 0.988860 
1 1 0.988860 
1 1 0.998587 
1 1 0.998837 
1 1 0.989867 
1 1 0.989867 
1 1 0.998837 
1 1 0.999099 
1 1 0.990850 
1 1 0.990850 
1 1 0.999099 
1 1 0.999240 
1 1 0.991768 
1 1 0.991768 
1 1 0.999240 
1 1 0.999380 
1 1 0.992578 
1 1 0.992578 
1 1 0.999380 
1 1 0.999507 
1 1 0.993240 
1 1 0.993240 
1 1 0.999507 
1 1 0.999614 
1 1 0.993715 
1 1 0.999670 
1 1 0.999684 
1 1 0.999665 
1 1 0.999614 
1 1 0.999507 
1 1 0.999380 
1 1 0.999240 
1 1 0.999099 
1 1 0.998837 
1 1 0.998587 
1 1 0.998358 
1 1 0.998152 
1 1 0.997963 
1 1 0.997808 
1 1 0.997701 
1 1 0.997640 
1 1 0.997522 
1 1 0.997456 
1 1 0.997449 
1 1 0.997491 
1 1 0.997575 
1 1 0.997706 
1 1 0.997889 
1 1 0.998114 
1 1 0.998257 
1 1 0.998431 
1 1 0.998633 
1 1 0.998850 
1 1 0.999054 
1 1 0.999257 
1 1 0.999452 
1 1 0.999635 
1 1 0.993715 
1 1 0.999614 
1 1 0.999665 
1 1 0.993974 
1 1 0.993974 
1 1 0.999665 
1 1 0.999684 
1 1 0.993999 
1 0 0.999176 
1 0 0.999155 
1 0 0.999151 
1 0 0.999155 
1 0 0.999164 
1 0 0.999182 
1 0 0.999215 
1 0 0.999259 
1 0 0.999239 
1 0 0.999228 
1 0 0.999231 
1 0 0.999240 
1 0 0.999250 
1 0 0.999264 
1 0 0.999290 
1 0 0.999323 
1 0 0.999297 
1 0 0.999277 
1 0 0.999268 
1 0 0.999263 
1 0 0.999258 
1 0 0.999258 
1 0 0.999270 
1 0 0.999290 
1 0 0.999247 
1 0 0.999212 
1 0 0.999192 
1 0 0.999179 
1 0 0.999170 
1 0 0.999168 
1 0 0.999183 
1 0 0.999208 
2 0 0.737521 1 0.262479 
2 0 0.578994 1 0.421006 
2 0 0.578789 1 0.421211 
2 0 0.737117 1 0.262883 
2 0 0.738202 1 0.261798 
2 0 0.579505 1 0.420495 
2 0 0.578994 1 0.421006 
2 0 0.737521 1 0.262479 
2 0 0.739133 1 0.260867 
2 0 0.580299 1 0.419701 
2 0 0.579505 1 0.420495 
2 0 0.738202 1 0.261798 
2 0 0.740275 1 0.259725 
2 0 0.581336 1 0.418664 
2 0 0.580299 1 0.419701 
2 0 0.739133 1 0.260867 
2 0 0.741579 1 0.258421 
2 0 0.582563 1 0.417438 
2 0 0.581336 1 0.418664 
2 0 0.740275 1 0.259725 
2 0 0.742988 1 0.257012 
2 0 0.583917 1 0.416084 
2 0 0.582563 1 0.417438 
2 0 0.741579 1 0.258421 
2 0 0.744442 1 0.255559 
2 0 0.585333 1 0.414667 
2 0 0.583917 1 0.416084 
2 0 0.742988 1 0.257012 
2 0 0.745879 1 0.254121 
2 0 0.586747 1 0.413253 
2 0 0.585333 1 0.414667 
2 0 0.744442 1 0.255559 
2 0 0.747241 1 0.252759 
2 0 0.588099 1 0.411901 
2 0 0.586747 1 0.413253 
2 0 0.745879 1 0.254121 
2 0 0.748474 1 0.251526 
2 0 0.589336 1 0.410664 
2 0 0.588099 1 0.411901 
2 0 0.747241 1 0.252759 
2 0 0.749532 1 0.250468 
2 0 0.590417 1 0.409583 
2 0 0.589336 1 0.410664 
2 0 0.748474 1 0.251526 
2 0 0.750376 1 0.249624 
2 0 0.591309 1 0.408692 
2 0 0.590417 1 0.409583 
2 0 0.749532 1 0.250468 
2 0 0.750979 1 0.249021 
2 0 0.591990 1 0.408010 
2 0 0.591309 1 0.408692 
2 0 0.750376 1 0.249624 
2 0 0.751325 1 0.248675 
2 0 0.592450 1 0.407550 
2 0 0.591990 1 0.408010 
2 0 0.750979 1 0.249021 
2 0 0.751406 1 0.248595 
2 0 0.592682 1 0.407318 
2 0 0.592450 1 0.407550 
2 0 0.751325 1 0.248675 
2 0 0.751223 1 0.248777 
2 0 0.592688 1 0.407313 
2 0 0.592682 1 0.407318 
2 0 0.751406 1 0.248595 
2 0 0.750788 1 0.249212 
2 0 0.592472 1 0.407528 
2 0 0.592688 1 0.407313 
2 0 0.751223 1 0.248777 
2 0 0.750120 1 0.249881 
2 0 0.592043 1 0.407957 
2 0 0.592472 1 0.407528 
2 0 0.750788 1 0.249212 
2 0 0.749242 1 0.250758 
2 0 0.591413 1 0.408587 
2 0 0.592043 1 0.407957 
2 0 0.750120 1 0.249881 
2 0 0.748187 1 0.251813 
2 0 0.590596 1 0.409404 
2 0 0.591413 1 0.408587 
2 0 0.749242 1 0.250758 
2 0 0.746990 1 0.253010 
2 0 0.589612 1 0.410388 
2 0 0.590596 1 0.409404 
2 0 0.748187 1 0.251813 
2 0 0.745691 1 0.254309 
2 0 0.588486 1 0.411514 
2 0 0.589612 1 0.410388 
2 0 0.746990 1 0.253010 
2 0 0.744334 1 0.255666 
2 0 0.587248 1 0.412752 
2 0 0.588486 1 0.411514 
2 0 0.745691 1 0.254309 
2 0 0.742965 1 0.257035 
2 0 0.585937 1 0.414063 
2 0 0.587248 1 0.412752 
2 0 0.744334 1 0.255666 
2 0 0.741634 1 0.258366 
2 0 0.584598 1 0.415403 
2 0 0.585937 1 0.414063 
2 0 0.742965 1 0.257035 
2 0 0.740389 1 0.259611 
2 0 0.583279 1 0.416721 
2 0 0.584598 1 0.415403 
2 0 0.741634 1 0.258366 
2 0 0.739278 1 0.260722 
2 0 0.582036 1 0.417964 
2 0 0.583279 1 0.416721 
2 0 0.740389 1 0.259611 
2 0 0.738348 1 0.261652 
2 0 0.580925 1 0.419075 
2 0 0.582036 1 0.417964 
2 0 0.739278 1 0.260722 
2 0 0.737638 1 0.262362 
2 0 0.580001 1 0.419999 
2 0 0.580925 1 0.419075 
2 0 0.738348 1 0.261652 
2 0 0.737182 1 0.262818 
2 0 0.579312 1 0.420688 
2 0 0.580001 1 0.419999 
2 0 0.737638 1 0.262362 
2 0 0.737004 1 0.262996 
2 0 0.578899 1 0.421101 
2 0 0.579312 1 0.420688 
2 0 0.737182 1 0.262818 
2 0 0.737117 1 0.262883 
2 0 0.578789 1 0.421211 
2 0 0.578899 1 0.421101 
2 0 0.737004 1 0.262996 
2 0 0.058847 1 0.941153 
2 0 0.058896 1 0.941104 
2 0 0.059372 1 0.940628 
2 0 0.058847 1 0.941153 
2 0 0.060428 1 0.939572 
2 0 0.059372 1 0.940628 
2 0 0.061942 1 0.938058 
2 0 0.060428 1 0.939572 
2 0 0.063816 1 0.936185 
2 0 0.061942 1 0.938058 
2 0 0.065939 1 0.934061 
2 0 0.063816 1 0.936185 
2 0 0.068204 1 0.931796 
2 0 0.065939 1 0.934061 
2 0 0.070508 1 0.929492 
2 0 0.068204 1 0.931796 
2 0 0.072761 1 0.927240 
2 0 0.070508 1 0.929492 
2 0 0.074886 1 0.925114 
2 0 0.072761 1 0.927240 
2 0 0.076821 1 0.923180 
2 0 0.074886 1 0.925114 
2 0 0.078515 1 0.921485 
2 0 0.076821 1 0.923180 
2 0 0.079930 1 0.920070 
2 0 0.078515 1 0.921485 
2 0 0.081035 1 0.918965 
2 0 0.079930 1 0.920070 
2 0 0.081810 1 0.918190 
2 0 0.081035 1 0.918965 
2 0 0.082239 1 0.917761 
2 0 0.081810 1 0.918190 
2 0 0.082312 1 0.917688 
2 0 0.082239 1 0.917761 
2 0 0.082026 1 0.917975 
2 0 0.082312 1 0.917688 
2 0 0.081381 1 0.918619 
2 0 0.082026 1 0.917975 
2 0 0.080388 1 0.919612 
2 0 0.081381 1 0.918619 
2 0 0.079063 1 0.920937 
2 0 0.080388 1 0.919612 
2 0 0.077431 1 0.922569 
2 0 0.079063 1 0.920937 
2 0 0.075529 1 0.924471 
2 0 0.077431 1 0.922569 
2 0 0.073409 1 0.926591 
2 0 0.075529 1 0.924471 
2 0 0.071133 1 0.928867 
2 0 0.073409 1 0.926591 
2 0 0.068782 1 0.931218 
2 0 0.071133 1 0.928867 
2 0 0.066451 1 0.933549 
2 0 0.068782 1 0.931218 
2 0 0.064246 1 0.935754 
2 0 0.066451 1 0.933549 
2 0 0.062282 1 0.937718 
2 0 0.064246 1 0.935754 
2 0 0.060672 1 0.939328 
2 0 0.062282 1 0.937718 
2 0 0.059518 1 0.940482 
2 0 0.060672 1 0.939328 
2 0 0.058896 1 0.941104 
2 0 0.059518 1 0.940482 
1 0 0.999176 
1 0 0.991881 
1 0 0.991871 
1 0 0.999155 
1 0 0.999155 
1 0 0.991871 
1 0 0.991882 
1 0 0.999151 
1 0 0.999151 
1 0 0.991882 
1 0 0.991914 
1 0 0.999155 
1 0 0.999155 
1 0 0.991914 
1 0 0.991965 
1 0 0.999164 
1 0 0.999164 
1 0 0.991965 
1 0 0.992034 
1 0 0.999182 
1 0 0.999182 
1 0 0.992034 
1 0 0.992118 
1 0 0.999215 
1 0 0.999215 
1 0 0.992118 
1 0 0.992212 
1 0 0.999259 
1 0 0.999259 
1 0 0.992212 
1 0 0.992314 
1 0 0.999239 
1 0 0.999239 
1 0 0.992314 
1 0 0.992419 
1 0 0.999228 
1 0 0.999228 
1 0 0.992419 
1 0 0.992523 
1 0 0.999231 
1 0 0.999231 
1 0 0.992523 
1 0 0.992624 
1 0 0.999240 
1 0 0.999240 
1 0 0.992624 
1 0 0.992716 
1 0 0.999250 
1 0 0.999250 
1 0 0.992716 
1 0 0.992797 
1 0 0.999264 
1 0 0.999264 
1 0 0.992797 
1 0 0.992864 
1 0 0.999290 
1 0 0.999290 
1 0 0.992864 
1 0 0.992913 
1 0 0.999323 
1 0 0.999323 
1 0 0.992913 
1 0 0.992943 
1 0 0.999297 
1 0 0.999297 
1 0 0.992943 
1 0 0.992953 
1 0 0.999277 
1 0 0.999277 
1 0 0.992953 
1 0 0.992943 
1 0 0.999268 
1 0 0.999268 
1 0 0.992943 
1 0 0.992913 
1 0 0.999263 
1 0 0.999263 
1 0 0.992913 
1 0 0.992863 
1 0 0.999258 
1 0 0.999258 
1 0 0.992863 
1 0 0.992797 
1 0 0.999258 
1 0 0.999258 
1 0 0.992797 
1 0 0.992716 
1 0 0.999270 
1 0 0.999270 
1 0 0.992716 
1 0 0.992623 
1 0 0.999290 
1 0 0.999290 
1 0 0.992623 
1 0 0.992522 
1 0 0.999247 
1 0 0.999247 
1 0 0.992522 
1 0 0.992416 
1 0 0.999212 
1 0 0.999212 
1 0 0.992416 
1 0 0.992309 
1 0 0.999192 
1 0 0.999192 
1 0 0.992309 
1 0 0.992207 
1 0 0.999179 
1 0 0.999179 
1 0 0.992207 
1 0 0.992112 
1 0 0.999170 
1 0 0.999170 
1 0 0.992112 
1 0 0.992030 
1 0 0.999168 
1 0 0.999168 
1 0 0.992030 
1 0 0.991962 
1 0 0.999183 
1 0 0.999183 
1 0 0.991962 
1 0 0.991912 
1 0 0.999208 
1 0 0.999208 
1 0 0.991912 
1 0 0.991881 
1 0 0.999176 
2 0 0.355585 1 0.644415 
2 0 0.356127 1 0.643873 
2 0 0.356127 1 0.643873 
2 0 0.356934 1 0.643066 
2 0 0.356934 1 0.643066 
2 0 0.357958 1 0.642042 
2 0 0.357958 1 0.642042 
2 0 0.359135 1 0.640865 
2 0 0.359135 1 0.640865 
2 0 0.360391 1 0.639609 
2 0 0.360391 1 0.639609 
2 0 0.361656 1 0.638344 
2 0 0.361656 1 0.638344 
2 0 0.362860 1 0.637140 
2 0 0.362860 1 0.637140 
2 0 0.363949 1 0.636051 
2 0 0.363949 1 0.636051 
2 0 0.364877 1 0.635123 
2 0 0.364877 1 0.635123 
2 0 0.365616 1 0.634384 
2 0 0.365616 1 0.634384 
2 0 0.366154 1 0.633846 
2 0 0.366154 1 0.633846 
2 0 0.366491 1 0.633509 
2 0 0.366491 1 0.633509 
2 0 0.366639 1 0.633361 
2 0 0.366639 1 0.633361 
2 0 0.366619 1 0.633381 
2 0 0.366619 1 0.633381 
2 0 0.366451 1 0.633549 
2 0 0.366451 1 0.633549 
2 0 0.366157 1 0.633843 
2 0 0.366157 1 0.633843 
2 0 0.365753 1 0.634247 
2 0 0.365753 1 0.634247 
2 0 0.365248 1 0.634752 
2 0 0.365248 1 0.634752 
2 0 0.364645 1 0.635355 
2 0 0.364645 1 0.635355 
2 0 0.363945 1 0.636056 
2 0 0.363945 1 0.636056 
2 0 0.363145 1 0.636856 
2 0 0.363145 1 0.636856 
2 0 0.362249 1 0.637751 
2 0 0.362249 1 0.637751 
2 0 0.361270 1 0.638731 
2 0 0.361270 1 0.638731 
2 0 0.360230 1 0.639770 
2 0 0.360230 1 0.639770 
2 0 0.359167 1 0.640833 
2 0 0.359167 1 0.640833 
2 0 0.358129 1 0.641871 
2 0 0.358129 1 0.641871 
2 0 0.357173 1 0.642827 
2 0 0.357173 1 0.642827 
2 0 0.356362 1 0.643638 
2 0 0.356362 1 0.643638 
2 0 0.355755 1 0.644245 
2 0 0.355755 1 0.644245 
2 0 0.355403 1 0.644597 
2 0 0.355403 1 0.644597 
2 0 0.355342 1 0.644659 
2 0 0.355342 1 0.644659 
2 0 0.355585 1 0.644415 
2 0 0.947298 1 0.052703 
2 0 0.947235 1 0.052765 
2 0 0.947235 1 0.052765 
2 0 0.947271 1 0.052729 
2 0 0.947271 1 0.052729 
2 0 0.947403 1 0.052597 
2 0 0.947403 1 0.052597 
2 0 0.947625 1 0.052375 
2 0 0.947625 1 0.052375 
2 0 0.947929 1 0.052071 
2 0 0.947929 1 0.052071 
2 0 0.948301 1 0.051699 
2 0 0.948301 1 0.051699 
2 0 0.948727 1 0.051273 
2 0 0.948727 1 0.051273 
2 0 0.949191 1 0.050809 
2 0 0.949191 1 0.050809 
2 0 0.949676 1 0.050324 
2 0 0.949676 1 0.050324 
2 0 0.950162 1 0.049675 
2 0 0.950162 1 0.049675 
2 0 0.950633 1 0.048734 
2 0 0.950633 1 0.048734 
2 0 0.951071 1 0.047859 
2 0 0.951071 1 0.047859 
2 0 0.951459 1 0.047082 
2 0 0.951459 1 0.047082 
2 0 0.951784 1 0.046433 
2 0 0.951784 1 0.046433 
2 0 0.952032 1 0.045935 
2 0 0.952032 1 0.045935 
2 0 0.952196 1 0.045609 
2 0 0.952196 1 0.045609 
2 0 0.952267 1 0.045465 
2 0 0.952267 1 0.045465 
2 0 0.952244 1 0.045513 
2 0 0.952244 1 0.045513 
2 0 0.952125 1 0.045750 
2 0 0.952125 1 0.045750 
2 0 0.951916 1 0.046169 
2 0 0.951916 1 0.046169 
2 0 0.951622 1 0.046755 
2 0 0.951622 1 0.046755 
2 0 0.951256 1 0.047488 
2 0 0.951256 1 0.047488 
2 0 0.950831 1 0.048339 
2 0 0.950831 1 0.048339 
2 0 0.950362 1 0.049276 
2 0 0.950362 1 0.049276 
2 0 0.949869 1 0.050132 
2 0 0.949869 1 0.050132 
2 0 0.949370 1 0.050630 
2 0 0.949370 1 0.050630 
2 0 0.948886 1 0.051115 
2 0 0.948886 1 0.051115 
2 0 0.948435 1 0.051565 
2 0 0.948435 1 0.051565 
2 0 0.948037 1 0.051963 
2 0 0.948037 1 0.051963 
2 0 0.947706 1 0.052294 
2 0 0.947706 1 0.052294 
2 0 0.947457 1 0.052544 
2 0 0.947457 1 0.052544 
2 0 0.947298 1 0.052703 
