0.708878 0.558886 0.002188 0
0.717548 0.559412 0.002188 0.012
0.715033 0.572865 0.002188 0.004
0.714779 0.576794 0.002188 0.036
0.711516 0.580948 0.002188 0.012
0.710308 0.591664 0.002188 0.056
0.714899 0.530053 0.002188 0.052
0.715626 0.536012 0.002188 0.004
0.711315 0.544631 0.002188 0.012
0.717206 0.544728 0.002188 0.032
0.712939 0.599114 0.002188 0.024
0.715482 0.593246 0.002188 0.096
0.711966 0.608156 0.002188 0.016
0.718852 0.615825 0.002188 0.004
0.717213 0.612306 0.002188 0.004
0.722237 0.676865 0.002188 0
0.717217 0.684227 0.002188 0.052
0.850494 0.544698 0.002188 0.024
0.854795 0.55404 0.002188 0.088
0.847264 0.537369 0.002188 0.056
0.843081 0.535522 0.002188 0.048
0.839069 0.516956 0.002188 0.012
0.8383 0.52323 0.002188 0.016
0.85726 0.66598 0.002188 0.104
0.854139 0.664349 0.002188 0.136
0.859025 0.651178 0.002188 0.036
0.85694 0.656416 0.002188 0.152
0.865319 0.62535 0.002188 0.02
0.865775 0.621864 0.002188 0.088
0.862666 0.620133 0.002188 0.056
0.860303 0.607892 0.002188 0.016
0.864104 0.596185 0.002188 0.012
0.859092 0.597888 0.002188 0
0.862745 0.583914 0.002188 0.012
0.856406 0.577337 0.002188 0.024
0.854879 0.571776 0.002188 0.088
0.855897 0.564898 0.002188 0.04
0.855904 0.544809 0.002188 0.048
0.866962 0.551467 0.002188 0.024
0.860173 0.560393 0.002188 0.036
0.870159 0.565711 0.002188 0.02
0.880714 0.557533 0.002188 0.052
0.874799 0.55761 0.002188 0.036
0.873775 0.553373 0.002188 0.076
0.869666 0.543368 0.002188 0.092
0.906848 0.550846 0.002188 0.02
0.913334 0.55023 0.002188 0.012
0.872267 0.619028 0.002188 0.004
0.868072 0.609322 0.002188 0.016
0.87002 0.602258 0.002188 0.02
0.870517 0.593919 0.002188 0.004
0.868353 0.5875 0.002188 0.056
0.873454 0.579986 0.002188 0.012
0.881266 0.575725 0.002188 0
0.875331 0.569502 0.002188 0.036
0.927778 0.585309 0.002188 0.104
0.926423 0.579306 0.002188 0.044
0.931793 0.60319 0.002188 0
0.933839 0.597993 0.002188 0.12
0.922321 0.622565 0.002188 0.004
0.929386 0.62365 0.002188 0.08
0.911664 0.641103 0.002188 0.068
0.916106 0.637275 0.002188 0.032
0.850181 0.479029 0.002188 0.044
0.85408 0.477096 0.002188 0.04
0.887344 0.673402 0.002188 0.004
0.885634 0.674315 0.002188 0.02
0.889143 0.666249 0.002188 0.064
0.886421 0.666871 0.002188 0.016
0.862792 0.653152 0.002188 0.028
0.867652 0.652292 0.002188 0.02
0.916382 0.687019 0.002188 0.04
0.918067 0.685365 0.002188 0.064
0.968142 0.530409 0.002188 0.144
0.966762 0.529305 0.002188 0.084
0.92077 0.428603 0.002188 0.072
0.920329 0.428007 0.002188 0.072
0.94922 0.446522 0.002188 0.076
0.948281 0.445923 0.002188 0.088
0.987592 0.5709 0.002188 0.112
0.98856 0.573178 0.002188 0.056
0.945493 0.6535 0.002188 0.04
0.946507 0.652484 0.002188 0.008
0.902427 0.449295 0.002188 0.072
0.901528 0.447865 0.002188 0.032
0.90787 0.449607 0.002188 0.132
0.904039 0.450445 0.002188 0.036
0.912457 0.454965 0.002188 0.12
0.908993 0.456043 0.002188 0.084
0.942226 0.525904 0.002188 0.52
0.943411 0.523564 0.002188 0.692
0.942631 0.530855 0.002188 0.092
0.944814 0.527386 0.002188 0.148
0.942493 0.536231 0.002188 0.032
0.948887 0.53552 0.002188 0
0.947356 0.54786 0.002188 0.032
0.9491 0.546805 0.002188 0.044
0.912084 0.671041 0.002188 0.072
0.91129 0.671502 0.002188 0.024
0.908551 0.681278 0.002188 0.044
0.905434 0.678923 0.002188 0.004
0.90594 0.68433 0.002188 0.04
0.903268 0.683188 0.002188 0.012
0.840103 0.462178 0.002188 0.068
0.841624 0.463712 0.002188 0.052
0.870014 0.658592 0.002188 0.056
0.874987 0.660593 0.002188 0
0.909357 0.64063 0.002188 0.004
0.907344 0.645102 0.002188 0.12
0.923516 0.433651 0.002188 0.048
0.922475 0.437115 0.002188 0.064
0.915893 0.432636 0.002188 0.056
0.918051 0.43452 0.002188 0.068
0.915841 0.42828 0.002188 0.04
0.915098 0.431897 0.002188 0.076
0.948299 0.454365 0.002188 0.048
0.949318 0.457341 0.002188 0.16
0.942862 0.450523 0.002188 0.032
0.943085 0.451878 0.002188 0.012
0.942798 0.445328 0.002188 0.024
0.939727 0.448175 0.002188 0.032
0.979795 0.566146 0.002188 0.052
0.980801 0.567621 0.002188 0.016
0.971205 0.496589 0.002188 0.012
0.968577 0.496394 0.002188 0.032
0.985237 0.576078 0.002188 0.12
0.983177 0.577546 0.002188 0.172
0.963023 0.532323 0.002188 0.06
0.962141 0.533916 0.002188 0.08
0.960367 0.526649 0.002188 0.072
0.962193 0.528494 0.002188 0.128
0.963585 0.525483 0.002188 0.404
0.959862 0.525433 0.002188 0.164
0.696954 0.65733 0.002188 0.028
0.705488 0.657575 0.002188 0
0.700265 0.677587 0.002188 0.004
0.703402 0.683041 0.002188 0.004
0.710375 0.676929 0.002188 0.008
0.713727 0.682478 0.002188 0.02
0.700988 0.529737 0.002188 0.024
0.703197 0.531372 0.002188 0
0.704497 0.539226 0.002188 0.024
0.70238 0.5363 0.002188 0.016
0.700261 0.542146 0.002188 0
0.695425 0.547086 0.002188 0.032
0.707143 0.549882 0.002188 0.048
0.694178 0.553614 0.002188 0.068
0.701498 0.552402 0.002188 0.008
0.701831 0.55187 0.002188 0.008
0.699513 0.565227 0.002188 0.048
0.701283 0.577708 0.002188 0.108
0.697754 0.581207 0.002188 0.012
0.702011 0.586577 0.002188 0.008
0.691364 0.598771 0.002188 0.008
0.701888 0.596893 0.002188 0.008
0.692864 0.609129 0.002188 0.004
0.696921 0.603926 0.002188 0
0.696215 0.610438 0.002188 0
0.698178 0.612606 0.002188 0.008
0.63095 0.581186 0.002188 0.016
0.637435 0.589162 0.002188 0.004
0.629967 0.579989 0.002188 0.052
0.636057 0.592687 0.002188 0.02
0.636356 0.583887 0.002188 0
0.640255 0.586405 0.002188 0
0.63446 0.58381 0.002188 0
0.639662 0.58055 0.002188 0.04
0.629732 0.595419 0.002188 0.016
0.636187 0.601995 0.002188 0.008
0.630857 0.605083 0.002188 0.004
0.636208 0.599619 0.002188 0.004
0.639913 0.598726 0.002188 0
0.640633 0.600209 0.002188 0.004
0.640869 0.600452 0.002188 0.004
0.632234 0.571196 0.002188 0
0.63393 0.577137 0.002188 0.004
0.632997 0.570083 0.002188 0.004
0.635982 0.564352 0.002188 0.136
0.643574 0.57487 0.002188 0.036
0.641176 0.569587 0.002188 0
0.643365 0.571152 0.002188 0.008
0.643284 0.519556 0.002188 0.044
0.644552 0.515732 0.002188 0.004
0.650303 0.522192 0.002188 0.012
0.648567 0.519041 0.002188 0
0.655193 0.516989 0.002188 0
0.660335 0.524392 0.002188 0.092
0.64627 0.514641 0.002188 0.02
0.65588 0.514397 0.002188 0.02
0.700409 0.671597 0.002188 0
0.706086 0.674304 0.002188 0.008
0.712198 0.665952 0.002188 0.028
0.724703 0.670176 0.002188 0.056
0.72548 0.666757 0.002188 0
0.71779 0.670126 0.002188 0.02
0.724942 0.617314 0.002188 0.02
0.722258 0.612338 0.002188 0.004
0.725855 0.598281 0.002188 0.016
0.726569 0.591836 0.002188 0.124
0.721851 0.591497 0.002188 0.04
0.72323 0.585671 0.002188 0
0.745014 0.559756 0.002188 0.004
0.743814 0.567338 0.002188 0.156
0.721593 0.55417 0.002188 0.024
0.725444 0.565565 0.002188 0.108
0.722844 0.568529 0.002188 0.016
0.723517 0.577712 0.002188 0.04
0.721215 0.552228 0.002188 0.104
0.723641 0.546108 0.002188 0.004
0.739089 0.557565 0.002188 0.08
0.733659 0.561592 0.002188 0.008
0.735373 0.551641 0.002188 0.028
0.740911 0.556069 0.002188 0.108
0.742311 0.566811 0.002188 0.004
0.741144 0.570681 0.002188 0.004
0.69367 0.615025 0.002188 0.012
0.694178 0.620523 0.002188 0.008
0.692082 0.620443 0.002188 0.008
0.707811 0.617766 0.002188 0
0.70846 0.622171 0.002188 0.028
0.718756 0.655777 0.002188 0.004
0.712287 0.661367 0.002188 0.008
0.730321 0.532444 0.002188 0.04
0.725443 0.540313 0.002188 0.028
0.731087 0.68508 0.002188 0
0.732337 0.678733 0.002188 0.024
0.733216 0.671029 0.002188 0
0.729173 0.66753 0.002188 0.004
0.739126 0.58599 0.002188 0
0.739735 0.582836 0.002188 0.008
0.734945 0.579543 0.002188 0.008
0.737529 0.584601 0.002188 0.004
0.741829 0.60197 0.002188 0.02
0.74449 0.59961 0.002188 0.004
0.74548 0.588457 0.002188 0.108
0.739311 0.593224 0.002188 0.008
0.744332 0.607231 0.002188 0.012
0.743353 0.604659 0.002188 0.084
0.749525 0.615329 0.002188 0.048
0.743 0.616815 0.002188 0.04
0.744487 0.54373 0.002188 0.008
0.741673 0.546094 0.002188 0.008
0.738588 0.541647 0.002188 0
0.753611 0.682338 0.002188 0.004
0.749857 0.685132 0.002188 0.036
0.749427 0.67396 0.002188 0.052
0.752049 0.675391 0.002188 0.016
0.74611 0.66545 0.002188 0.004
0.750918 0.67133 0.002188 0.028
0.753433 0.561539 0.002188 0
0.750192 0.55489 0.002188 0.072
0.753282 0.567286 0.002188 0.052
0.753495 0.566819 0.002188 0.024
0.75404 0.580893 0.002188 0.004
0.754838 0.583968 0.002188 0.004
0.751912 0.57468 0.002188 0
0.747274 0.585072 0.002188 0.048
0.758752 0.59405 0.002188 0.012
0.753107 0.593644 0.002188 0
0.749609 0.597745 0.002188 0
0.7516 0.597292 0.002188 0
0.756245 0.611717 0.002188 0
0.760964 0.606929 0.002188 0.004
0.753134 0.606953 0.002188 0
0.750512 0.615874 0.002188 0.068
0.75522 0.547376 0.002188 0.004
0.755676 0.550656 0.002188 0
0.750792 0.539292 0.002188 0.008
0.75001 0.541845 0.002188 0
0.701273 0.525516 0.002188 0.064
0.704818 0.525639 0.002188 0.056
0.706759 0.517569 0.002188 0.044
0.715166 0.527914 0.002188 0.048
0.726809 0.518436 0.002188 0.036
0.732498 0.525072 0.002188 0.02
0.734341 0.519971 0.002188 0.04
0.742078 0.532815 0.002188 0.024
0.747067 0.535894 0.002188 0.044
0.748894 0.52398 0.002188 0.004
0.752259 0.523838 0.002188 0.012
0.753951 0.533991 0.002188 0
0.760219 0.532794 0.002188 0
0.760539 0.521762 0.002188 0.048
0.759462 0.677795 0.002188 0
0.756457 0.674511 0.002188 0.044
0.757387 0.684316 0.002188 0.008
0.763005 0.683924 0.002188 0.004
0.760601 0.673173 0.002188 0.084
0.762224 0.673604 0.002188 0.1
0.763574 0.665292 0.002188 0.004
0.630257 0.61463 0.002188 0
0.634442 0.608384 0.002188 0
0.632332 0.606752 0.002188 0.004
0.631553 0.615798 0.002188 0.02
0.636201 0.612541 0.002188 0
0.636696 0.612277 0.002188 0.004
0.762155 0.558799 0.002188 0
0.767325 0.558394 0.002188 0.008
0.756952 0.56197 0.002188 0
0.759802 0.56679 0.002188 0.016
0.766965 0.577374 0.002188 0.004
0.769488 0.575745 0.002188 0.004
0.770469 0.584727 0.002188 0.04
0.763788 0.577642 0.002188 0.024
0.771177 0.587073 0.002188 0.056
0.762577 0.586451 0.002188 0.06
0.76288 0.599008 0.002188 0.012
0.762635 0.593976 0.002188 0.008
0.772358 0.601728 0.002188 0.032
0.772704 0.604004 0.002188 0.016
0.77287 0.614861 0.002188 0.052
0.767532 0.608577 0.002188 0
0.771124 0.663196 0.002188 0.052
0.768279 0.664204 0.002188 0.048
0.780944 0.676879 0.002188 0
0.778547 0.679558 0.002188 0
0.773334 0.686383 0.002188 0.052
0.767776 0.678946 0.002188 0.016
0.765655 0.525098 0.002188 0.008
0.769527 0.532318 0.002188 0.024
0.766273 0.530959 0.002188 0.012
0.763566 0.535496 0.002188 0.008
0.766498 0.548717 0.002188 0.02
0.769432 0.539164 0.002188 0.032
0.765477 0.54943 0.002188 0.004
0.759608 0.552383 0.002188 0.064
0.784022 0.566059 0.002188 0.04
0.774399 0.555278 0.002188 0.044
0.777139 0.562688 0.002188 0
0.781816 0.566734 0.002188 0.048
0.780634 0.568715 0.002188 0.076
0.783519 0.577822 0.002188 0.004
0.772031 0.583656 0.002188 0.036
0.777559 0.582822 0.002188 0.012
0.785898 0.593046 0.002188 0.004
0.777279 0.587021 0.002188 0.044
0.775263 0.598811 0.002188 0.004
0.77602 0.601482 0.002188 0.036
0.777137 0.603739 0.002188 0.044
0.787244 0.613055 0.002188 0.04
0.782249 0.616021 0.002188 0.052
0.775941 0.61339 0.002188 0.012
0.791572 0.66734 0.002188 0.016
0.78126 0.664684 0.002188 0.016
0.789248 0.676339 0.002188 0.008
0.781932 0.685029 0.002188 0.028
0.782355 0.523022 0.002188 0.004
0.776184 0.524559 0.002188 0.02
0.773324 0.530764 0.002188 0.008
0.781928 0.548358 0.002188 0.016
0.779568 0.550213 0.002188 0.06
0.771733 0.54824 0.002188 0.008
0.79284 0.557576 0.002188 0
0.789157 0.563478 0.002188 0
0.795401 0.576234 0.002188 0
0.790094 0.583329 0.002188 0.028
0.794549 0.578852 0.002188 0.004
0.801437 0.590845 0.002188 0
0.794006 0.595902 0.002188 0
0.787549 0.590662 0.002188 0.008
0.798359 0.603488 0.002188 0.088
0.793171 0.606648 0.002188 0.028
0.79455 0.609966 0.002188 0.008
0.808282 0.66748 0.002188 0
0.799666 0.672024 0.002188 0.068
0.806985 0.677397 0.002188 0.012
0.801402 0.680232 0.002188 0
0.79451 0.525041 0.002188 0
0.78651 0.531731 0.002188 0
0.785731 0.538186 0.002188 0.008
0.791379 0.545518 0.002188 0.004
0.809895 0.556625 0.002188 0.004
0.811028 0.567462 0.002188 0.08
0.813903 0.575471 0.002188 0.024
0.814116 0.584656 0.002188 0.04
0.812019 0.587359 0.002188 0.052
0.805019 0.590097 0.002188 0.02
0.820167 0.612529 0.002188 0.016
0.807989 0.61392 0.002188 0
0.811083 0.619869 0.002188 0.044
0.809102 0.621108 0.002188 0.024
0.818725 0.661933 0.002188 0.036
0.822626 0.6719 0.002188 0.088
0.824837 0.681589 0.002188 0
0.811847 0.680434 0.002188 0.004
0.803941 0.529817 0.002188 0.02
0.800263 0.530589 0.002188 0
0.799338 0.537901 0.002188 0.02
0.799527 0.539626 0.002188 0.012
0.819787 0.556693 0.002188 0.016
0.815592 0.560864 0.002188 0
0.828962 0.583302 0.002188 0.036
0.823826 0.579719 0.002188 0.036
0.828278 0.598125 0.002188 0.012
0.820314 0.592784 0.002188 0.02
0.835802 0.618511 0.002188 0.02
0.824882 0.617739 0.002188 0
0.833932 0.625403 0.002188 0.008
0.832159 0.630008 0.002188 0.008
0.83595 0.665749 0.002188 0
0.826806 0.66721 0.002188 0
0.834878 0.672777 0.002188 0.056
0.825243 0.675262 0.002188 0.016
0.817418 0.528056 0.002188 0.012
0.809724 0.529243 0.002188 0
0.816547 0.540807 0.002188 0.008
0.813528 0.542997 0.002188 0
0.85376 0.626373 0.002188 0.02
0.847668 0.630038 0.002188 0.012
0.850343 0.608222 0.002188 0.032
0.849271 0.61358 0.002188 0
0.844871 0.591843 0.002188 0.012
0.849561 0.594218 0.002188 0.008
0.846638 0.587341 0.002188 0.04
0.843667 0.573374 0.002188 0.072
0.837702 0.566256 0.002188 0.064
0.84213 0.55684 0.002188 0.056
0.832534 0.546746 0.002188 0.008
0.83507 0.544132 0.002188 0.064
0.834491 0.536833 0.002188 0.076
0.827047 0.523292 0.002188 0.02
0.844487 0.684802 0.002188 0.024
0.851342 0.678122 0.002188 0.028
0.963154 0.62305 0.002188 0.032
0.962729 0.61974 0.002188 0.084
0.933094 0.474263 0.002188 0.172
0.934315 0.472289 0.002188 0.096
0.926917 0.469263 0.002188 0.048
0.927533 0.466564 0.002188 0.02
0.922816 0.465445 0.002188 0.144
0.924977 0.463143 0.002188 0.024
0.966574 0.580148 0.002188 0.064
0.964285 0.577051 0.002188 0.18
0.962913 0.571922 0.002188 0.068
0.964418 0.570006 0.002188 0.172
0.947924 0.4986 0.002188 0.02
0.950117 0.497526 0.002188 0.052
0.968453 0.583757 0.002188 0.04
0.968078 0.582067 0.002188 0.044
0.962417 0.6683 0.002188 0.044
0.961124 0.666139 0.002188 0.068
0.985897 0.628635 0.002188 0.08
0.984237 0.62739 0.002188 0.06
0.964476 0.54237 0.002188 0.036
0.963378 0.541004 0.002188 0.028
0.984081 0.574479 0.002188 0.016
0.981695 0.573651 0.002188 0.04
0.950092 0.644296 0.002188 0.232
0.953208 0.647435 0.002188 0.08
0.966666 0.663532 0.002188 0.072
0.96795 0.66291 0.002188 0.116
0.966543 0.671203 0.002188 0.068
0.965849 0.670943 0.002188 0.052
0.960383 0.670888 0.002188 0.144
0.957278 0.670339 0.002188 0.092
0.940529 0.653986 0.002188 0.024
0.939993 0.654828 0.002188 0.06
0.964521 0.611712 0.002188 0.224
0.96587 0.608689 0.002188 0.428
0.984951 0.622488 0.002188 0.116
0.987824 0.620427 0.002188 0.112
0.99126 0.629792 0.002188 0.088
0.991697 0.630353 0.002188 0.096
0.983792 0.631824 0.002188 0.056
0.98239 0.631119 0.002188 0.112
0.959142 0.625624 0.002188 0.048
0.962261 0.627387 0.002188 0.08
0.948037 0.495111 0.002188 0.32
0.949197 0.493514 0.002188 0.284
0.967696 0.494714 0.002188 0.236
0.966917 0.491183 0.002188 0.42
0.975727 0.496528 0.002188 0.008
0.976092 0.496646 0.002188 0.008
0.969213 0.502818 0.002188 0.048
0.971444 0.503891 0.002188 0.016
0.952126 0.505664 0.002188 0.224
0.954166 0.507298 0.002188 0.524
0.943245 0.541367 0.002188 0.008
0.950096 0.540012 0.002188 0.032
0.963455 0.534889 0.002188 0.064
0.960949 0.535411 0.002188 0.076
0.969132 0.538456 0.002188 0.06
0.969326 0.540001 0.002188 0.364
0.965544 0.54381 0.002188 0.42
0.96378 0.544828 0.002188 0.34
0.950466 0.549527 0.002188 0.136
0.951275 0.550878 0.002188 0.324
0.939847 0.63089 0.002188 0.412
0.944658 0.633403 0.002188 0.576
0.930584 0.636725 0.002188 0.028
0.936419 0.639849 0.002188 0.096
0.930212 0.643002 0.002188 0.032
0.927217 0.644761 0.002188 0.108
0.891009 0.467532 0.002188 0.076
0.89262 0.462797 0.002188 0.02
0.896206 0.46719 0.002188 0
0.895485 0.46535 0.002188 0.044
0.906202 0.47049 0.002188 0.524
0.906603 0.46696 0.002188 0.296
0.909718 0.437412 0.002188 0.016
0.909094 0.434353 0.002188 0.092
0.953132 0.664611 0.002188 0.056
0.951137 0.664156 0.002188 0.02
0.954251 0.663605 0.002188 0.12
0.956565 0.660452 0.002188 0.076
0.960612 0.656717 0.002188 0.032
0.962084 0.656738 0.002188 0.04
0.919108 0.445244 0.002188 0.064
0.919737 0.442361 0.002188 0.04
0.913306 0.440099 0.002188 0.016
0.912784 0.439049 0.002188 0.024
0.95761 0.606841 0.002188 0.372
0.959842 0.605537 0.002188 0.54
0.955117 0.619141 0.002188 0.032
0.954447 0.617057 0.002188 0.036
0.953076 0.622065 0.002188 0.012
0.955306 0.622778 0.002188 0
0.916465 0.472952 0.002188 0.464
0.91931 0.470964 0.002188 0.348
0.92033 0.477129 0.002188 0.072
0.922924 0.472508 0.002188 0
0.924974 0.48077 0.002188 0.012
0.925877 0.477471 0.002188 0.064
0.935564 0.455803 0.002188 0.12
0.935017 0.454157 0.002188 0.008
0.97568 0.628187 0.002188 0.152
0.972511 0.628436 0.002188 0.028
0.973514 0.623845 0.002188 0.084
0.975531 0.625416 0.002188 0.016
0.976596 0.615796 0.002188 0.44
0.978845 0.618067 0.002188 0.144
0.941577 0.463275 0.002188 0.192
0.942167 0.461938 0.002188 0.148
0.93777 0.458423 0.002188 0.06
0.935886 0.456946 0.002188 0.104
0.945797 0.572165 0.002188 0.7
0.947341 0.572352 0.002188 0.62
0.951555 0.583782 0.002188 0
0.950475 0.582918 0.002188 0.012
0.951235 0.588274 0.002188 0.08
0.956349 0.588627 0.002188 0.452
0.931415 0.494571 0.002188 0.884
0.937753 0.497378 0.002188 0.284
0.934243 0.501278 0.002188 0.012
0.934726 0.500809 0.002188 0
0.933359 0.509995 0.002188 0.484
0.936641 0.508357 0.002188 0.264
0.959695 0.495776 0.002188 0.152
0.958938 0.492706 0.002188 0.32
0.975872 0.581658 0.002188 0.256
0.973423 0.579613 0.002188 0.076
0.972651 0.57808 0.002188 0.068
0.973301 0.57564 0.002188 0.024
0.970952 0.569437 0.002188 0.056
0.970764 0.568364 0.002188 0.008
0.961129 0.504978 0.002188 0.056
0.959707 0.506629 0.002188 0.18
0.958029 0.49792 0.002188 0.064
0.958943 0.496796 0.002188 0.076
0.932318 0.544718 0.002188 0.052
0.930477 0.542368 0.002188 0.04
0.93448 0.555236 0.002188 0.096
0.938855 0.550893 0.002188 0.12
0.939375 0.556568 0.002188 0.428
0.940735 0.558805 0.002188 0.776
0.931741 0.527402 0.002188 0.716
0.932778 0.524357 0.002188 0.936
0.934177 0.531528 0.002188 0.12
0.933356 0.529228 0.002188 0.2
0.929453 0.540561 0.002188 0.104
0.933175 0.536158 0.002188 0.08
0.952962 0.526326 0.002188 0.224
0.951677 0.523011 0.002188 0.572
0.959329 0.548282 0.002188 0.404
0.958902 0.548184 0.002188 0.38
0.956189 0.543975 0.002188 0.06
0.957334 0.542521 0.002188 0.1
0.953767 0.537686 0.002188 0.052
0.954711 0.536931 0.002188 0.088
0.954178 0.535622 0.002188 0.108
0.954515 0.53472 0.002188 0.04
0.952673 0.528134 0.002188 0.04
0.953624 0.527243 0.002188 0.044
0.899084 0.470189 0.002188 0.036
0.900982 0.466263 0.002188 0.012
0.905865 0.454661 0.002188 0.056
0.909538 0.451583 0.002188 0.072
0.915148 0.442003 0.002188 0.028
0.916907 0.441071 0.002188 0.036
0.921395 0.435522 0.002188 0.072
0.922368 0.433729 0.002188 0.052
0.922523 0.429795 0.002188 0.092
0.922823 0.429262 0.002188 0.076
0.968609 0.668477 0.002188 0.08
0.967541 0.670985 0.002188 0.072
0.963954 0.665848 0.002188 0.044
0.963738 0.665097 0.002188 0.024
0.958169 0.658324 0.002188 0.032
0.957094 0.660247 0.002188 0.088
0.947544 0.646164 0.002188 0.02
0.947023 0.648597 0.002188 0.06
0.938268 0.634927 0.002188 0.024
0.938376 0.639475 0.002188 0.12
0.924186 0.477664 0.002188 0.032
0.923286 0.475033 0.002188 0.04
0.927411 0.470879 0.002188 0.04
0.929657 0.46978 0.002188 0.016
0.93942 0.460929 0.002188 0.096
0.937012 0.459729 0.002188 0.052
0.946028 0.45417 0.002188 0.012
0.945196 0.452257 0.002188 0.044
0.952267 0.449292 0.002188 0.06
0.949926 0.448831 0.002188 0.072
0.991452 0.626023 0.002188 0.088
0.992405 0.625613 0.002188 0.108
0.986118 0.62522 0.002188 0
0.985556 0.624484 0.002188 0.008
0.97471 0.621859 0.002188 0.04
0.976287 0.622922 0.002188 0.044
0.963603 0.614837 0.002188 0.016
0.964638 0.616257 0.002188 0
0.9543 0.61169 0.002188 0.032
0.953941 0.613243 0.002188 0.08
0.932338 0.506348 0.002188 0.076
0.937791 0.504939 0.002188 0.076
0.946407 0.503658 0.002188 0.04
0.953028 0.500346 0.002188 0.04
0.958556 0.501283 0.002188 0.12
0.960707 0.503128 0.002188 0.148
0.967582 0.501885 0.002188 0.072
0.969499 0.499722 0.002188 0.004
0.975782 0.499663 0.002188 0.12
0.976984 0.49891 0.002188 0.064
0.987128 0.568836 0.002188 0.036
0.98842 0.569358 0.002188 0.084
0.982796 0.57069 0.002188 0.056
0.979629 0.569948 0.002188 0.048
0.970689 0.573812 0.002188 0.044
0.972217 0.574014 0.002188 0.068
0.963992 0.572592 0.002188 0.052
0.966327 0.574648 0.002188 0.032
0.951518 0.575957 0.002188 0.1
0.950016 0.578244 0.002188 0
0.930422 0.533953 0.002188 0.016
0.93229 0.533555 0.002188 0.028
0.942404 0.53306 0.002188 0.02
0.94908 0.532864 0.002188 0.004
0.953111 0.533427 0.002188 0.116
0.954975 0.531855 0.002188 0.044
0.961882 0.531622 0.002188 0.088
0.962876 0.529519 0.002188 0.072
0.967572 0.53119 0.002188 0.024
0.968155 0.530826 0.002188 0.128
0.966736 0.534418 0.002188 0.132
0.968905 0.536521 0.002188 0.104
0.963567 0.538892 0.002188 0.04
0.962168 0.538144 0.002188 0.024
0.954281 0.540244 0.002188 0.072
0.957408 0.54154 0.002188 0.06
0.947356 0.543246 0.002188 0.044
0.947318 0.545075 0.002188 0.016
0.933224 0.550009 0.002188 0.024
0.936432 0.551313 0.002188 0.06
0.919569 0.429612 0.002188 0.032
0.919834 0.430838 0.002188 0.04
0.918605 0.426929 0.002188 0.016
0.919021 0.428975 0.002188 0.076
0.962962 0.671869 0.002188 0.012
0.961705 0.671966 0.002188 0.036
0.962935 0.670123 0.002188 0.032
0.963537 0.668442 0.002188 0.084
0.965958 0.668899 0.002188 0.056
0.96458 0.66736 0.002188 0.044
0.967941 0.667181 0.002188 0.052
0.969201 0.665873 0.002188 0.04
0.925109 0.431115 0.002188 0.064
0.925544 0.432249 0.002188 0.04
0.92268 0.430464 0.002188 0.072
0.923167 0.433115 0.002188 0.088
0.948113 0.447234 0.002188 0.096
0.94583 0.449704 0.002188 0.084
0.946488 0.44584 0.002188 0.104
0.943995 0.447285 0.002188 0.08
0.987736 0.631705 0.002188 0.104
0.985372 0.632831 0.002188 0.028
0.987551 0.629905 0.002188 0.08
0.987843 0.628446 0.002188 0.088
0.989286 0.626741 0.002188 0.028
0.987795 0.626701 0.002188 0.024
0.990394 0.624744 0.002188 0.036
0.989237 0.622322 0.002188 0.072
0.950232 0.451786 0.002188 0.072
0.951122 0.453703 0.002188 0.076
0.949564 0.450882 0.002188 0.112
0.948643 0.451355 0.002188 0.056
0.973533 0.495627 0.002188 0.052
0.971815 0.496829 0.002188 0.036
0.974497 0.494663 0.002188 0.196
0.975379 0.493966 0.002188 0.252
0.987156 0.574148 0.002188 0.088
0.986959 0.57527 0.002188 0.148
0.985413 0.573533 0.002188 0.024
0.984427 0.572876 0.002188 0.036
0.98521 0.570397 0.002188 0.04
0.983607 0.569535 0.002188 0.036
0.985977 0.567433 0.002188 0.064
0.983305 0.565915 0.002188 0.076
0.97475 0.501253 0.002188 0.044
0.977032 0.501574 0.002188 0.116
0.974992 0.500006 0.002188 0.112
0.973194 0.498227 0.002188 0.04
0.965577 0.528724 0.002188 0.06
0.964256 0.527965 0.002188 0.08
0.965888 0.526619 0.002188 0.344
0.964524 0.525814 0.002188 0.38
0.968775 0.540529 0.002188 0.416
0.968558 0.541692 0.002188 0.472
0.967671 0.53916 0.002188 0.076
0.966225 0.540239 0.002188 0.06
0.965973 0.537685 0.002188 0.032
0.9652 0.5369 0.002188 0.016
0.965507 0.534962 0.002188 0.016
0.964497 0.534432 0.002188 0.068
0.964266 0.532149 0.002188 0.084
0.964612 0.533148 0.002188 0.012
0.96493 0.531795 0.002188 0.08
0.965012 0.530175 0.002188 0.04
0.948462 0.524128 0.002188 0.456
0.94907 0.523551 0.002188 0.552
0.953729 0.548135 0.002188 0.144
0.956681 0.550162 0.002188 0.568
0.952741 0.547478 0.002188 0.072
0.952818 0.544579 0.002188 0.1
0.950623 0.540844 0.002188 0.112
0.953823 0.543481 0.002188 0.052
0.951082 0.53941 0.002188 0.016
0.952416 0.538011 0.002188 0.04
0.950076 0.536322 0.002188 0.072
0.951503 0.534857 0.002188 0.008
0.952015 0.533263 0.002188 0.06
0.951451 0.530934 0.002188 0.048
0.949309 0.528612 0.002188 0.028
0.950118 0.527506 0.002188 0.048
0.955357 0.524652 0.002188 0.224
0.957749 0.523392 0.002188 0.42
0.963132 0.544864 0.002188 0.28
0.961948 0.547478 0.002188 0.4
0.96026 0.544575 0.002188 0.08
0.959934 0.542627 0.002188 0.056
0.960263 0.540391 0.002188 0.06
0.957353 0.540713 0.002188 0.04
0.958926 0.537755 0.002188 0.02
0.956726 0.53601 0.002188 0.112
0.958346 0.535454 0.002188 0.2
0.959795 0.533328 0.002188 0.02
0.957495 0.532232 0.002188 0.108
0.958818 0.529909 0.002188 0.048
0.954907 0.528575 0.002188 0.052
0.956946 0.526402 0.002188 0.056
0.953593 0.496225 0.002188 0.216
0.954176 0.493358 0.002188 0.248
0.971403 0.582783 0.002188 0.124
0.971255 0.58155 0.002188 0.012
0.969267 0.578095 0.002188 0.024
0.96978 0.575729 0.002188 0.096
0.969236 0.573189 0.002188 0.024
0.966954 0.572839 0.002188 0.056
0.967416 0.569987 0.002188 0.036
0.966702 0.568427 0.002188 0.236
0.955457 0.503749 0.002188 0.064
0.955574 0.505907 0.002188 0.176
0.954432 0.500789 0.002188 0.044
0.954625 0.500642 0.002188 0.064
0.953592 0.498074 0.002188 0.08
0.955283 0.497024 0.002188 0.088
0.962538 0.49444 0.002188 0.288
0.965923 0.491291 0.002188 0.412
0.975072 0.57812 0.002188 0.156
0.980144 0.577172 0.002188 0.032
0.979182 0.575906 0.002188 0.072
0.977839 0.573926 0.002188 0.028
0.976715 0.57046 0.002188 0.088
0.974603 0.572894 0.002188 0.036
0.973878 0.56809 0.002188 0.008
0.977311 0.568268 0.002188 0.028
0.966989 0.503258 0.002188 0.056
0.963879 0.505909 0.002188 0.116
0.961859 0.50055 0.002188 0.02
0.964812 0.499752 0.002188 0.02
0.965893 0.498885 0.002188 0.072
0.966217 0.496757 0.002188 0.02
0.944898 0.505429 0.002188 0.064
0.9426 0.505594 0.002188 0.052
0.958842 0.573578 0.002188 0.076
0.955802 0.570269 0.002188 0.552
0.956083 0.575685 0.002188 0.032
0.958554 0.575751 0.002188 0.004
0.958151 0.580521 0.002188 0.056
0.961057 0.578079 0.002188 0.136
0.960216 0.585552 0.002188 0.028
0.962516 0.584883 0.002188 0.012
0.944952 0.49668 0.002188 0.336
0.944937 0.492258 0.002188 0.428
0.942456 0.500616 0.002188 0.112
0.944328 0.498796 0.002188 0.024
0.943916 0.504673 0.002188 0.096
0.944859 0.503459 0.002188 0.016
0.938471 0.496976 0.002188 0.256
0.939766 0.495109 0.002188 0.42
0.956753 0.587273 0.002188 0.092
0.958458 0.584949 0.002188 0.1
0.955796 0.582678 0.002188 0.02
0.956515 0.580944 0.002188 0.068
0.95347 0.57584 0.002188 0.068
0.953616 0.577725 0.002188 0.02
0.952103 0.574283 0.002188 0.168
0.952935 0.571255 0.002188 0.672
0.941663 0.507433 0.002188 0.204
0.942133 0.509324 0.002188 0.632
0.940897 0.504565 0.002188 0.068
0.941093 0.502297 0.002188 0.06
0.939059 0.500855 0.002188 0.052
0.939428 0.498539 0.002188 0.048
0.921473 0.46889 0.002188 0.264
0.921359 0.467246 0.002188 0.248
0.958431 0.623533 0.002188 0
0.957658 0.624579 0.002188 0.04
0.959821 0.622191 0.002188 0.056
0.959942 0.619976 0.002188 0.028
0.962344 0.612845 0.002188 0.084
0.959376 0.614205 0.002188 0.02
0.961314 0.61054 0.002188 0.244
0.964487 0.609107 0.002188 0.396
0.929756 0.477313 0.002188 0.032
0.928547 0.475607 0.002188 0.044
0.926101 0.474239 0.002188 0.004
0.926388 0.472586 0.002188 0.028
0.922673 0.47081 0.002188 0.048
0.925368 0.469534 0.002188 0.004
0.926268 0.462828 0.002188 0.02
0.928201 0.459415 0.002188 0.06
0.966664 0.625063 0.002188 0.104
0.964785 0.627483 0.002188 0.052
0.96646 0.622848 0.002188 0.016
0.969094 0.623531 0.002188 0.008
0.97095 0.617222 0.002188 0.1
0.967086 0.616182 0.002188 0.036
0.969656 0.613703 0.002188 0.144
0.972826 0.614026 0.002188 0.352
0.936845 0.471361 0.002188 0.504
0.935653 0.467452 0.002188 0.056
0.934303 0.46694 0.002188 0.06
0.934611 0.464651 0.002188 0.016
0.931115 0.46432 0.002188 0.044
0.931044 0.461769 0.002188 0.064
0.932364 0.458682 0.002188 0.084
0.931398 0.457819 0.002188 0.016
0.971954 0.627512 0.002188 0.1
0.969146 0.627383 0.002188 0.024
0.970799 0.623538 0.002188 0.04
0.97307 0.622968 0.002188 0.116
0.974207 0.619034 0.002188 0.072
0.972496 0.621051 0.002188 0.044
0.973717 0.615836 0.002188 0.14
0.976452 0.615284 0.002188 0.48
0.940931 0.466562 0.002188 0.536
0.938018 0.464594 0.002188 0.052
0.938786 0.462742 0.002188 0.084
0.936168 0.46135 0.002188 0.048
0.932623 0.460494 0.002188 0.08
0.936106 0.459384 0.002188 0.076
0.938572 0.452423 0.002188 0.124
0.93484 0.452191 0.002188 0.084
0.977818 0.630081 0.002188 0.044
0.978255 0.632389 0.002188 0.096
0.976381 0.62671 0.002188 0.02
0.97891 0.625605 0.002188 0.056
0.980518 0.622134 0.002188 0.06
0.978407 0.623142 0.002188 0.032
0.982318 0.620429 0.002188 0.02
0.983236 0.61855 0.002188 0.296
0.945323 0.460352 0.002188 0.272
0.945565 0.457456 0.002188 0.072
0.939575 0.458132 0.002188 0.032
0.942314 0.456713 0.002188 0.008
0.938397 0.457361 0.002188 0.036
0.939479 0.454628 0.002188 0.012
0.906775 0.443684 0.002188 0.124
0.90742 0.440355 0.002188 0.012
0.947506 0.656979 0.002188 0.108
0.944689 0.659124 0.002188 0.044
0.947079 0.656375 0.002188 0.064
0.949881 0.653337 0.002188 0.104
0.954638 0.651742 0.002188 0.108
0.951501 0.650033 0.002188 0.024
0.95598 0.650539 0.002188 0.016
0.957148 0.65056 0.002188 0.064
0.914055 0.451941 0.002188 0.032
0.917023 0.448637 0.002188 0.064
0.914076 0.446796 0.002188 0.076
0.911954 0.447292 0.002188 0.024
0.910481 0.445631 0.002188 0.104
0.911217 0.442994 0.002188 0.02
0.897828 0.453722 0.002188 0.024
0.898142 0.452176 0.002188 0.016
0.938584 0.649204 0.002188 0.088
0.936714 0.652305 0.002188 0.084
0.941026 0.647506 0.002188 0.024
0.943838 0.649083 0.002188 0.028
0.948211 0.643868 0.002188 0.124
0.943619 0.644081 0.002188 0.044
0.948 0.641106 0.002188 0.288
0.95038 0.641997 0.002188 0.396
0.909762 0.459505 0.002188 0.192
0.910872 0.458011 0.002188 0.328
0.905731 0.458739 0.002188 0.088
0.905412 0.455697 0.002188 0.044
0.902791 0.456309 0.002188 0.04
0.900128 0.454448 0.002188 0.104
0.909259 0.439989 0.002188 0.1
0.909618 0.438849 0.002188 0.072
0.950708 0.660507 0.002188 0.112
0.94877 0.661665 0.002188 0.024
0.951283 0.660372 0.002188 0.064
0.953346 0.658054 0.002188 0.02
0.957163 0.657427 0.002188 0.028
0.95564 0.655268 0.002188 0.02
0.958548 0.653324 0.002188 0.012
0.959669 0.65215 0.002188 0.16
0.917211 0.447821 0.002188 0.044
0.91918 0.445486 0.002188 0.072
0.912844 0.443915 0.002188 0.052
0.914313 0.442574 0.002188 0.048
0.91113 0.442284 0.002188 0.016
0.91019 0.441464 0.002188 0.064
0.912662 0.435432 0.002188 0.092
0.911215 0.433225 0.002188 0.044
0.955873 0.66652 0.002188 0.076
0.95227 0.667242 0.002188 0.084
0.957226 0.665665 0.002188 0.108
0.959274 0.664567 0.002188 0.016
0.962191 0.661001 0.002188 0.084
0.960644 0.660096 0.002188 0.04
0.962163 0.658563 0.002188 0.032
0.964752 0.661716 0.002188 0.04
0.922952 0.439684 0.002188 0.056
0.923339 0.439189 0.002188 0.048
0.917708 0.440707 0.002188 0.048
0.918275 0.437848 0.002188 0.02
0.914916 0.438559 0.002188 0.056
0.915232 0.435947 0.002188 0.016
0.938982 0.537991 0.002188 0.044
0.941158 0.535629 0.002188 0.06
0.94017 0.541061 0.002188 0.06
0.942058 0.541623 0.002188 0.04
0.941456 0.547875 0.002188 0.04
0.943544 0.546699 0.002188 0.032
0.942737 0.550494 0.002188 0
0.942873 0.548787 0.002188 0.096
0.94547 0.552938 0.002188 0.244
0.94738 0.554612 0.002188 0.696
0.938038 0.525298 0.002188 0.744
0.938861 0.524825 0.002188 0.704
0.938182 0.529068 0.002188 0.104
0.939585 0.527726 0.002188 0.3
0.93886 0.533111 0.002188 0.092
0.939851 0.533002 0.002188 0.064
0.934852 0.525584 0.002188 0.836
0.935994 0.526236 0.002188 0.744
0.942487 0.555643 0.002188 0.448
0.943389 0.557317 0.002188 0.752
0.94102 0.552302 0.002188 0.028
0.939933 0.549883 0.002188 0.124
0.940368 0.54681 0.002188 0.008
0.938974 0.549406 0.002188 0.04
0.938655 0.543805 0.002188 0.1
0.938718 0.542045 0.002188 0.04
0.935235 0.536763 0.002188 0.06
0.938333 0.537838 0.002188 0.032
0.935195 0.535889 0.002188 0.136
0.936912 0.532488 0.002188 0.068
0.936075 0.531369 0.002188 0.096
0.936589 0.528709 0.002188 0.208
0.949075 0.593149 0.002188 0.748
0.948498 0.588464 0.002188 0.156
0.925658 0.499347 0.002188 0.32
0.927243 0.495419 0.002188 0.784
0.927881 0.502845 0.002188 0.012
0.92899 0.501856 0.002188 0.024
0.924811 0.507093 0.002188 0.012
0.931612 0.506441 0.002188 0.06
0.92763 0.513491 0.002188 0.504
0.931637 0.511791 0.002188 0.652
0.937806 0.57454 0.002188 0.432
0.944022 0.571256 0.002188 0.84
0.941765 0.579938 0.002188 0.012
0.940904 0.582851 0.002188 0.092
0.943401 0.58655 0.002188 0.008
0.941875 0.584718 0.002188 0.096
0.943696 0.621603 0.002188 0.02
0.947203 0.6225 0.002188 0.032
0.914916 0.475879 0.002188 0.352
0.913409 0.475054 0.002188 0.524
0.916519 0.480661 0.002188 0.012
0.918652 0.476658 0.002188 0.04
0.914373 0.484908 0.002188 0.028
0.917263 0.481788 0.002188 0.032
0.92098 0.486974 0.002188 0.28
0.921102 0.482614 0.002188 0.08
0.949784 0.601125 0.002188 0.664
0.956006 0.604131 0.002188 0.596
0.947046 0.608219 0.002188 0.008
0.951104 0.609313 0.002188 0.024
0.943007 0.618055 0.002188 0.052
0.949427 0.613517 0.002188 0.128
0.908 0.462808 0.002188 0.144
0.908551 0.461114 0.002188 0.096
0.90361 0.461074 0.002188 0.004
0.903664 0.46011 0.002188 0.004
0.898599 0.460609 0.002188 0.048
0.89868 0.459064 0.002188 0.06
0.895537 0.457694 0.002188 0.028
0.895433 0.456472 0.002188 0.02
0.93478 0.646789 0.002188 0.02
0.934394 0.647124 0.002188 0.02
0.937292 0.643484 0.002188 0
0.938602 0.646514 0.002188 0.06
0.94346 0.642164 0.002188 0.024
0.942562 0.641805 0.002188 0.044
0.946154 0.634995 0.002188 0.652
0.947343 0.637877 0.002188 0.484
0.856354 0.477903 0.002188 0.088
0.859791 0.475869 0.002188 0.132
0.845895 0.461818 0.002188 0.016
0.842996 0.461354 0.002188 0.064
0.917875 0.684268 0.002188 0.06
0.919186 0.682445 0.002188 0.032
0.909985 0.674349 0.002188 0.064
0.907302 0.675593 0.002188 0.04
0.892345 0.660916 0.002188 0.016
0.889466 0.659805 0.002188 0
0.876668 0.64686 0.002188 0.008
0.878355 0.651353 0.002188 0.004
0.866709 0.642691 0.002188 0.008
0.86919 0.645051 0.002188 0.008
0.861884 0.642968 0.002188 0.008
0.857965 0.646092 0.002188 0.024
0.836147 0.45584 0.002188 0.06
0.834122 0.456052 0.002188 0.012
0.912507 0.688099 0.002188 0.164
0.913077 0.688022 0.002188 0.144
0.912368 0.684813 0.002188 0.012
0.913388 0.685142 0.002188 0.02
0.914393 0.682241 0.002188 0.116
0.916234 0.68117 0.002188 0.04
0.91732 0.676279 0.002188 0.128
0.917565 0.675443 0.002188 0.076
0.839105 0.454254 0.002188 0.02
0.837193 0.453883 0.002188 0
0.853055 0.475201 0.002188 0.1
0.858483 0.474226 0.002188 0.152
0.847352 0.476952 0.002188 0.072
0.850267 0.473522 0.002188 0.056
0.89352 0.676355 0.002188 0.04
0.889241 0.676182 0.002188 0.028
0.892822 0.668133 0.002188 0.08
0.891477 0.669207 0.002188 0.02
0.898337 0.665165 0.002188 0.02
0.895596 0.66836 0.002188 0.156
0.89844 0.659674 0.002188 0.024
0.896197 0.660132 0.002188 0.012
0.847234 0.480955 0.002188 0.004
0.847676 0.483714 0.002188 0.02
0.844922 0.478043 0.002188 0.004
0.846142 0.480702 0.002188 0
0.838843 0.467512 0.002188 0.172
0.834947 0.467776 0.002188 0.068
0.831206 0.460428 0.002188 0.036
0.8305 0.459245 0.002188 0.056
0.830859 0.453291 0.002188 0.024
0.830966 0.45181 0.002188 0.032
0.833154 0.451145 0.002188 0.02
0.833393 0.450248 0.002188 0.036
0.921546 0.676321 0.002188 0.108
0.918328 0.676356 0.002188 0.064
0.914596 0.669591 0.002188 0.04
0.912655 0.666285 0.002188 0.012
0.903232 0.660187 0.002188 0.092
0.900614 0.657008 0.002188 0.056
0.832035 0.455691 0.002188 0.064
0.833084 0.452919 0.002188 0.028
0.830801 0.454225 0.002188 0.024
0.830724 0.454803 0.002188 0.012
0.915625 0.687064 0.002188 0.084
0.913542 0.687708 0.002188 0.044
0.915629 0.684783 0.002188 0.02
0.914946 0.685435 0.002188 0.012
0.917102 0.682302 0.002188 0.032
0.916029 0.681889 0.002188 0.1
0.919644 0.679294 0.002188 0.076
0.918545 0.680519 0.002188 0.04
0.922156 0.678418 0.002188 0.08
0.921205 0.679152 0.002188 0.02
0.834976 0.451398 0.002188 0.072
0.836172 0.452357 0.002188 0.084
0.909499 0.66545 0.002188 0.048
0.908113 0.664939 0.002188 0.052
0.906943 0.669466 0.002188 0.028
0.905657 0.669792 0.002188 0.048
0.905743 0.670359 0.002188 0.056
0.902874 0.672325 0.002188 0.104
0.902531 0.675658 0.002188 0.016
0.900874 0.678502 0.002188 0.112
0.899822 0.678417 0.002188 0.1
0.898213 0.679866 0.002188 0.04
0.841425 0.471202 0.002188 0.112
0.838795 0.471714 0.002188 0.02
0.842094 0.46997 0.002188 0.076
0.846445 0.469371 0.002188 0.044
0.851498 0.467237 0.002188 0.104
0.846806 0.467975 0.002188 0.064
0.86754 0.634111 0.002188 0.024
0.873063 0.634079 0.002188 0
0.894472 0.65463 0.002188 0.028
0.895423 0.658045 0.002188 0.004
0.836167 0.510873 0.002188 0.02
0.831436 0.51234 0.002188 0.14
0.845873 0.667293 0.002188 0.036
0.847726 0.672987 0.002188 0.028
0.884976 0.650613 0.002188 0.016
0.889173 0.648555 0.002188 0
0.883476 0.659825 0.002188 0.132
0.88123 0.653565 0.002188 0.004
0.879257 0.659496 0.002188 0.032
0.877182 0.66578 0.002188 0.196
0.877069 0.667448 0.002188 0.056
0.879172 0.674465 0.002188 0.14
0.851678 0.488091 0.002188 0.064
0.846865 0.488217 0.002188 0.096
0.853838 0.486565 0.002188 0.1
0.865132 0.482247 0.002188 0.1
0.896158 0.654289 0.002188 0.056
0.901531 0.656157 0.002188 0.116
0.864902 0.482063 0.002188 0.168
0.861387 0.47892 0.002188 0.344
0.89784 0.64615 0.002188 0.116
0.901164 0.646057 0.002188 0.188
0.892391 0.637749 0.002188 0.036
0.891134 0.642648 0.002188 0.04
0.851432 0.470303 0.002188 0.032
0.850492 0.472295 0.002188 0.08
0.907981 0.662138 0.002188 0.048
0.904447 0.661441 0.002188 0.044
0.903702 0.664322 0.002188 0.06
0.901213 0.663699 0.002188 0.032
0.901461 0.669558 0.002188 0.016
0.899257 0.668845 0.002188 0.064
0.897972 0.67119 0.002188 0.044
0.898103 0.674656 0.002188 0.004
0.897069 0.679706 0.002188 0.084
0.894695 0.677454 0.002188 0.012
0.842741 0.477476 0.002188 0.028
0.841077 0.473192 0.002188 0.036
0.843708 0.472166 0.002188 0.08
0.84751 0.470246 0.002188 0.068
0.843678 0.456382 0.002188 0.052
0.839274 0.457724 0.002188 0.084
0.919389 0.672032 0.002188 0.092
0.917267 0.671911 0.002188 0.004
0.914196 0.672887 0.002188 0.08
0.916437 0.674765 0.002188 0.112
0.912587 0.680823 0.002188 0.048
0.913183 0.680721 0.002188 0.116
0.910119 0.681618 0.002188 0.072
0.911246 0.68135 0.002188 0.06
0.908571 0.686535 0.002188 0.148
0.909055 0.685865 0.002188 0.06
0.834669 0.46167 0.002188 0.104
0.8326 0.462397 0.002188 0.016
0.837071 0.463087 0.002188 0.036
0.837377 0.459053 0.002188 0.028
0.850128 0.64434 0.002188 0.016
0.849642 0.635288 0.002188 0.088
0.879094 0.632026 0.002188 0.024
0.879964 0.628423 0.002188 0.056
0.877179 0.63887 0.002188 0.032
0.880176 0.641186 0.002188 0.012
0.847361 0.654808 0.002188 0.108
0.85175 0.645587 0.002188 0.056
0.850377 0.663831 0.002188 0.044
0.848831 0.659218 0.002188 0.012
0.887403 0.470935 0.002188 0.044
0.886587 0.468464 0.002188 0.072
0.919919 0.63826 0.002188 0.012
0.922788 0.641517 0.002188 0.06
0.914973 0.628094 0.002188 0.032
0.921071 0.630135 0.002188 0.064
0.931682 0.617093 0.002188 0.052
0.935307 0.617475 0.002188 0.072
0.889798 0.471156 0.002188 0.12
0.893436 0.471087 0.002188 0.028
0.895703 0.474855 0.002188 0.016
0.899445 0.475446 0.002188 0.064
0.872089 0.478056 0.002188 0.216
0.873364 0.474972 0.002188 0.136
0.873345 0.484987 0.002188 0.028
0.878266 0.479931 0.002188 0.112
0.884604 0.472557 0.002188 0
0.880166 0.475777 0.002188 0.016
0.904982 0.484309 0.002188 0.04
0.910336 0.483692 0.002188 0.06
0.91203 0.49122 0.002188 0
0.914977 0.48728 0.002188 0.052
0.917257 0.488995 0.002188 0.068
0.917012 0.493029 0.002188 0.476
0.921058 0.495725 0.002188 0.596
0.919188 0.493648 0.002188 0.924
0.920019 0.500753 0.002188 0.352
0.922226 0.495809 0.002188 0.972
0.949401 0.598783 0.002188 0.904
0.942927 0.600409 0.002188 0.5
0.948658 0.597392 0.002188 0.224
0.945333 0.596205 0.002188 0.596
0.942165 0.594025 0.002188 0.42
0.947864 0.595578 0.002188 0.828
0.935279 0.57206 0.002188 0.744
0.936156 0.575694 0.002188 0.38
0.921149 0.512701 0.002188 0.148
0.923268 0.513764 0.002188 0.36
0.918844 0.521603 0.002188 0.844
0.9207 0.517545 0.002188 0.704
0.93512 0.568367 0.002188 0.128
0.931807 0.569577 0.002188 0.668
0.920331 0.523207 0.002188 0.772
0.920634 0.522601 0.002188 0.828
0.932199 0.564941 0.002188 0.768
0.929681 0.567563 0.002188 0.664
0.920125 0.505771 0.002188 0.064
0.91884 0.502523 0.002188 0.068
0.921098 0.510062 0.002188 0.044
0.914552 0.508043 0.002188 0.04
0.914143 0.528153 0.002188 0.12
0.915907 0.525233 0.002188 0.152
0.911964 0.535609 0.002188 0.132
0.916557 0.530782 0.002188 0.044
0.928649 0.563719 0.002188 0.072
0.925189 0.562572 0.002188 0.2
0.921908 0.559293 0.002188 0.024
0.920619 0.563588 0.002188 0.032
0.932542 0.585024 0.002188 0.124
0.933504 0.576786 0.002188 0.148
0.914671 0.546179 0.002188 0.068
0.920043 0.549406 0.002188 0.024
0.917563 0.538348 0.002188 0.028
0.911515 0.538247 0.002188 0.052
0.941728 0.590609 0.002188 0.048
0.936712 0.58687 0.002188 0.12
0.941526 0.603316 0.002188 0.036
0.941113 0.608122 0.002188 0.056
0.936095 0.614343 0.002188 0.024
0.938078 0.616981 0.002188 0.028
0.924157 0.637024 0.002188 0.068
0.925145 0.631421 0.002188 0.132
0.927636 0.631265 0.002188 0.252
0.932824 0.626397 0.002188 0.144
0.90489 0.47193 0.002188 0.46
0.904082 0.473855 0.002188 0.516
0.939744 0.627139 0.002188 0.464
0.937137 0.629915 0.002188 0.38
0.904773 0.482417 0.002188 0.356
0.909541 0.476105 0.002188 0.568
0.942246 0.622171 0.002188 0.072
0.943048 0.624964 0.002188 0.592
0.901184 0.478653 0.002188 0.364
0.90646 0.476132 0.002188 0.488
0.934486 0.62443 0.002188 0.28
0.934578 0.624995 0.002188 0.476
0.93308 0.620557 0.002188 0.088
0.937075 0.59758 0.002188 0.096
0.927171 0.592581 0.002188 0.072
0.931156 0.586449 0.002188 0.18
0.923988 0.573618 0.002188 0.284
0.913092 0.565634 0.002188 0.028
0.917212 0.558465 0.002188 0.104
0.923856 0.570556 0.002188 0.236
0.920874 0.565473 0.002188 0.232
0.885889 0.476707 0.002188 0.032
0.89081 0.477373 0.002188 0.012
0.884997 0.481957 0.002188 0
0.888213 0.482821 0.002188 0
0.903028 0.485987 0.002188 0.016
0.90263 0.490973 0.002188 0.012
0.897253 0.481773 0.002188 0.048
0.906316 0.494355 0.002188 0.016
0.904513 0.490844 0.002188 0.02
0.908713 0.49948 0.002188 0.04
0.914417 0.503096 0.002188 0.104
0.909919 0.505705 0.002188 0
0.907029 0.511272 0.002188 0.032
0.903735 0.514972 0.002188 0.032
0.909373 0.519053 0.002188 0.28
0.88219 0.483684 0.002188 0.004
0.881677 0.490758 0.002188 0.1
0.902671 0.551955 0.002188 0.016
0.901734 0.548116 0.002188 0.092
0.883768 0.55557 0.002188 0.076
0.889665 0.552821 0.002188 0.02
0.720608 0.627672 0.002188 0.02
0.726631 0.628298 0.002188 0.108
0.727676 0.647537 0.002188 0.068
0.719876 0.64445 0.002188 0.024
0.723698 0.655767 0.002188 0.016
0.722482 0.650934 0.002188 0
0.70776 0.647477 0.002188 0.04
0.708652 0.6521 0.002188 0.004
0.735533 0.654285 0.002188 0.052
0.731562 0.6536 0.002188 0.004
0.7346 0.648668 0.002188 0.036
0.73215 0.645529 0.002188 0.016
0.733686 0.629162 0.002188 0.04
0.729208 0.626033 0.002188 0.048
0.746069 0.627368 0.002188 0.02
0.745946 0.621065 0.002188 0.008
0.75211 0.647839 0.002188 0.004
0.745586 0.64082 0.002188 0.056
0.752427 0.655128 0.002188 0.004
0.74962 0.65578 0.002188 0.02
0.76261 0.623558 0.002188 0.012
0.757838 0.626137 0.002188 0.012
0.751353 0.619666 0.002188 0.04
0.757172 0.622047 0.002188 0.016
0.760299 0.651054 0.002188 0
0.764549 0.645814 0.002188 0
0.75673 0.648432 0.002188 0
0.756775 0.651844 0.002188 0.036
0.75547 0.65473 0.002188 0.012
0.775766 0.624269 0.002188 0.004
0.776253 0.622771 0.002188 0.008
0.766478 0.623296 0.002188 0.012
0.771006 0.619924 0.002188 0
0.777369 0.643279 0.002188 0.036
0.765974 0.642805 0.002188 0.012
0.767667 0.649293 0.002188 0.008
0.774882 0.656839 0.002188 0.016
0.767187 0.654564 0.002188 0.036
0.780881 0.625346 0.002188 0.004
0.788446 0.625486 0.002188 0.004
0.791319 0.62267 0.002188 0.008
0.782686 0.620261 0.002188 0.012
0.801126 0.624366 0.002188 0
0.797127 0.624226 0.002188 0.012
0.822293 0.639051 0.002188 0.004
0.809969 0.640055 0.002188 0.056
0.8205 0.651782 0.002188 0.056
0.816966 0.657132 0.002188 0.016
0.83476 0.638216 0.002188 0
0.826093 0.640442 0.002188 0.024
0.835199 0.653292 0.002188 0.056
0.824051 0.660459 0.002188 0.04
0.789883 0.647631 0.002188 0.008
0.781824 0.640303 0.002188 0.084
0.778911 0.643043 0.002188 0.008
0.786778 0.658657 0.002188 0.008
0.79033 0.651575 0.002188 0.02
0.836553 0.647214 0.002188 0.004
0.826186 0.646554 0.002188 0
0.815043 0.643341 0.002188 0.04
0.813216 0.644739 0.002188 0.02
0.803656 0.65088 0.002188 0.044
0.795163 0.656761 0.002188 0.004
0.797721 0.642737 0.002188 0.008
0.808539 0.643491 0.002188 0.024
0.7939 0.637518 0.002188 0.048
0.798929 0.637255 0.002188 0.016
0.784332 0.633343 0.002188 0
0.778217 0.628583 0.002188 0.108
0.778566 0.627752 0.002188 0.112
0.786247 0.628765 0.002188 0.1
0.766008 0.635932 0.002188 0.02
0.770868 0.631929 0.002188 0
0.771707 0.636728 0.002188 0
0.775885 0.63483 0.002188 0
0.762544 0.62955 0.002188 0.104
0.75497 0.63806 0.002188 0.024
0.761679 0.638331 0.002188 0.02
0.764221 0.630154 0.002188 0.08
0.744485 0.633582 0.002188 0.012
0.750358 0.634415 0.002188 0
0.732064 0.632098 0.002188 0.048
0.736032 0.637691 0.002188 0.06
0.718857 0.633845 0.002188 0.012
0.726902 0.638172 0.002188 0.04
0.645548 0.633433 0.002188 0.048
0.643476 0.629707 0.002188 0
0.657315 0.624419 0.002188 0.088
0.654614 0.62686 0.002188 0
0.696464 0.636022 0.002188 0
0.703594 0.635093 0.002188 0
0.694502 0.623361 0.002188 0.052
0.693253 0.627952 0.002188 0
0.694461 0.630225 0.002188 0.028
0.703622 0.647813 0.002188 0.032
0.694427 0.648414 0.002188 0.032
0.706686 0.62682 0.002188 0.004
0.712445 0.628497 0.002188 0
0.706683 0.646791 0.002188 0.036
0.71626 0.64266 0.002188 0
0.712757 0.635523 0.002188 0.028
0.714312 0.638549 0.002188 0.044
0.704353 0.64163 0.002188 0.028
0.692922 0.639371 0.002188 0.052
0.650656 0.640297 0.002188 0.056
0.654699 0.640532 0.002188 0.096
0.655553 0.633379 0.002188 0.048
0.651159 0.635182 0.002188 0.024
0.64901 0.648202 0.002188 0.012
0.654923 0.64735 0.002188 0
0.65186 0.642121 0.002188 0.096
0.644882 0.645955 0.002188 0.032
0.647642 0.535859 0.002188 0.072
0.651554 0.535069 0.002188 0.024
0.657354 0.532181 0.002188 0.004
0.646535 0.526465 0.002188 0.004
0.64722 0.526812 0.002188 0.004
0.656405 0.528623 0.002188 0.012
0.645887 0.530502 0.002188 0.004
0.635239 0.515812 0.002188 0.004
0.638916 0.515017 0.002188 0.004
0.64157 0.519099 0.002188 0
0.641883 0.51912 0.002188 0
0.641038 0.514756 0.002188 0.008
0.640807 0.518345 0.002188 0
0.630178 0.516883 0.002188 0
0.634545 0.520313 0.002188 0.048
0.630663 0.516164 0.002188 0
0.635551 0.519339 0.002188 0.012
0.638597 0.52246 0.002188 0.06
0.66202 0.634691 0.002188 0.02
0.664329 0.638549 0.002188 0
0.664699 0.633969 0.002188 0.036
0.672644 0.636453 0.002188 0
0.664742 0.650145 0.002188 0.056
0.667127 0.651819 0.002188 0
0.672042 0.653601 0.002188 0.004
0.673033 0.653914 0.002188 0.008
0.664232 0.661981 0.002188 0.004
0.673595 0.664739 0.002188 0.012
0.669412 0.658844 0.002188 0.016
0.663043 0.658372 0.002188 0.048
0.67023 0.660937 0.002188 0.008
0.670662 0.671299 0.002188 0.016
0.664477 0.675026 0.002188 0.004
0.668247 0.671558 0.002188 0.004
0.66628 0.674869 0.002188 0.016
0.669915 0.67591 0.002188 0.028
0.679002 0.672165 0.002188 0.004
0.673613 0.683421 0.002188 0
0.673045 0.684066 0.002188 0.004
0.673537 0.684939 0.002188 0
0.669614 0.67776 0.002188 0.044
0.670293 0.680495 0.002188 0.004
0.675546 0.681786 0.002188 0
0.661239 0.520902 0.002188 0.092
0.674664 0.525041 0.002188 0.032
0.663318 0.517716 0.002188 0
0.672051 0.516692 0.002188 0.008
0.677649 0.518514 0.002188 0
0.678566 0.524883 0.002188 0.06
0.663223 0.530283 0.002188 0.004
0.665807 0.533727 0.002188 0
0.66622 0.531206 0.002188 0.004
0.67455 0.532002 0.002188 0
0.678446 0.528008 0.002188 0.028
0.677277 0.52904 0.002188 0.004
0.65968 0.579235 0.002188 0.06
0.670149 0.576168 0.002188 0.008
0.665317 0.565621 0.002188 0
0.671905 0.568222 0.002188 0
0.658679 0.607531 0.002188 0
0.660623 0.608536 0.002188 0
0.658614 0.608512 0.002188 0.004
0.669309 0.609892 0.002188 0.004
0.668565 0.604312 0.002188 0
0.671936 0.600105 0.002188 0.004
0.663898 0.602036 0.002188 0
0.665375 0.592113 0.002188 0.072
0.664385 0.598573 0.002188 0.02
0.666632 0.58614 0.002188 0.008
0.670183 0.582564 0.002188 0.032
0.666797 0.584105 0.002188 0.036
0.659118 0.586683 0.002188 0.008
0.670663 0.560123 0.002188 0
0.664261 0.562891 0.002188 0.012
0.660742 0.559134 0.002188 0.016
0.67504 0.646298 0.002188 0
0.673483 0.646589 0.002188 0
0.668622 0.640538 0.002188 0.072
0.672995 0.641135 0.002188 0.048
0.663817 0.629958 0.002188 0.016
0.672354 0.626242 0.002188 0
0.659351 0.624233 0.002188 0.068
0.664983 0.627113 0.002188 0.028
0.904517 0.540136 0.002188 0.028
0.904783 0.542742 0.002188 0.036
0.909081 0.524429 0.002188 0.112
0.90617 0.5243 0.002188 0.052
0.906919 0.528607 0.002188 0.032
0.902069 0.536447 0.002188 0.088
0.892069 0.544819 0.002188 0.004
0.895223 0.540829 0.002188 0.032
0.88992 0.549986 0.002188 0.124
0.887462 0.542158 0.002188 0.044
0.883126 0.490948 0.002188 0.036
0.878751 0.494754 0.002188 0.048
0.889726 0.508079 0.002188 0.028
0.900903 0.504113 0.002188 0.068
0.894345 0.501374 0.002188 0.012
0.890847 0.496116 0.002188 0.016
0.897785 0.534058 0.002188 0.04
0.892708 0.532682 0.002188 0.004
0.889579 0.513806 0.002188 0.068
0.890033 0.518313 0.002188 0.044
0.896864 0.526466 0.002188 0.064
0.898244 0.526781 0.002188 0.048
0.864618 0.672786 0.002188 0.148
0.86151 0.662097 0.002188 0.004
0.870325 0.664584 0.002188 0.032
0.874944 0.669794 0.002188 0.012
0.860957 0.489418 0.002188 0
0.865099 0.48721 0.002188 0.012
0.854009 0.495644 0.002188 0.052
0.855168 0.493666 0.002188 0.076
0.842199 0.511771 0.002188 0.008
0.845021 0.502951 0.002188 0.02
0.858495 0.541514 0.002188 0.1
0.850454 0.531484 0.002188 0.032
0.852972 0.522838 0.002188 0.024
0.848241 0.513805 0.002188 0
0.871881 0.53222 0.002188 0.016
0.874603 0.533725 0.002188 0.064
0.887329 0.539289 0.002188 0.064
0.886402 0.533776 0.002188 0.016
0.626574 0.661583 0.002188 0.02
0.626798 0.661775 0.002188 0.012
0.620732 0.659238 0.002188 0.008
0.620921 0.663055 0.002188 0.004
0.628345 0.656834 0.002188 0.012
0.624158 0.659688 0.002188 0.012
0.624924 0.659822 0.002188 0.012
0.627889 0.657394 0.002188 0.004
0.620473 0.655519 0.002188 0.036
0.619383 0.65333 0.002188 0.032
0.62401 0.647587 0.002188 0.204
0.622151 0.647719 0.002188 0.184
0.618403 0.646323 0.002188 0.072
0.624016 0.642294 0.002188 0.024
0.625494 0.637587 0.002188 0.024
0.627579 0.642658 0.002188 0.04
0.620667 0.631127 0.002188 0.012
0.618713 0.631456 0.002188 0.012
0.625444 0.631836 0.002188 0.056
0.626403 0.62958 0.002188 0.004
0.626278 0.627581 0.002188 0.152
0.625629 0.622648 0.002188 0.004
0.623687 0.62156 0.002188 0.004
0.625182 0.618226 0.002188 0.012
0.621569 0.620021 0.002188 0.004
0.625432 0.613629 0.002188 0
0.628861 0.612288 0.002188 0.028
0.622846 0.61354 0.002188 0
0.623985 0.615116 0.002188 0
0.6246 0.607441 0.002188 0
0.625295 0.607724 0.002188 0
0.62329 0.606979 0.002188 0
0.623819 0.608214 0.002188 0.004
0.622812 0.603222 0.002188 0.008
0.628023 0.59512 0.002188 0.004
0.628182 0.602245 0.002188 0
0.627433 0.597657 0.002188 0
0.620488 0.598514 0.002188 0
0.624264 0.594261 0.002188 0
0.622846 0.595693 0.002188 0
0.626337 0.595909 0.002188 0.016
0.626214 0.59286 0.002188 0.02
0.624902 0.588183 0.002188 0
0.629127 0.581196 0.002188 0.004
0.6285 0.581211 0.002188 0.008
0.621979 0.591629 0.002188 0.008
0.625685 0.582169 0.002188 0.004
0.627167 0.581425 0.002188 0.004
0.62335 0.582984 0.002188 0
0.621015 0.577809 0.002188 0.032
0.622502 0.575527 0.002188 0.008
0.625085 0.575536 0.002188 0
0.626708 0.574457 0.002188 0
0.62803 0.569999 0.002188 0
0.627927 0.565772 0.002188 0.036
0.622029 0.561093 0.002188 0.092
0.6261 0.569117 0.002188 0.004
0.625018 0.563561 0.002188 0.06
0.639006 0.548209 0.002188 0.028
0.63155 0.540383 0.002188 0.056
0.634762 0.544964 0.002188 0.024
0.641632 0.54303 0.002188 0
0.643845 0.54389 0.002188 0.016
0.640629 0.545012 0.002188 0.024
0.634973 0.533727 0.002188 0.06
0.631301 0.530222 0.002188 0.076
0.638272 0.531723 0.002188 0.008
0.630604 0.530905 0.002188 0.096
0.638445 0.52687 0.002188 0.1
0.63749 0.528357 0.002188 0.168
0.63155 0.521582 0.002188 0.164
0.642906 0.532664 0.002188 0.128
0.923215 0.532506 0.002188 0.012
0.924461 0.534497 0.002188 0.012
0.9201 0.537173 0.002188 0.032
0.925895 0.539584 0.002188 0.008
0.92523 0.549872 0.002188 0.104
0.926811 0.545524 0.002188 0.012
0.925785 0.553192 0.002188 0.104
0.929752 0.556073 0.002188 0.044
0.932413 0.562246 0.002188 0.36
0.929405 0.558499 0.002188 0.148
0.935811 0.562802 0.002188 0.836
0.936016 0.558715 0.002188 0.472
0.927056 0.526787 0.002188 0.816
0.926858 0.524081 0.002188 0.04
0.924162 0.528552 0.002188 0.152
0.927526 0.52755 0.002188 0.548
0.846372 0.643643 0.002188 0.028
0.838641 0.639909 0.002188 0.008
0.837192 0.651353 0.002188 0.032
0.84571 0.645521 0.002188 0.064
0.839619 0.658917 0.002188 0.028
0.841302 0.65813 0.002188 0.004
0.839175 0.664005 0.002188 0.024
0.843877 0.666795 0.002188 0.036
0.839587 0.678755 0.002188 0.004
0.840753 0.679497 0.002188 0.008
0.819445 0.532994 0.002188 0.032
0.820967 0.522756 0.002188 0.008
0.822927 0.547832 0.002188 0.028
0.826167 0.54301 0.002188 0.012
0.832074 0.566981 0.002188 0.068
0.829897 0.558596 0.002188 0.004
0.836285 0.582593 0.002188 0.016
0.836343 0.578677 0.002188 0.008
0.838722 0.602107 0.002188 0.004
0.843912 0.593305 0.002188 0.008
0.841906 0.615151 0.002188 0.008
0.844906 0.621396 0.002188 0.048
0.841952 0.633392 0.002188 0.052
0.845185 0.626548 0.002188 0
0.878247 0.500008 0.002188 0.088
0.870427 0.499848 0.002188 0.096
0.859965 0.495985 0.002188 0.132
0.869021 0.492711 0.002188 0.024
0.884067 0.514445 0.002188 0.024
0.884142 0.517419 0.002188 0.02
0.882336 0.521583 0.002188 0.004
0.885353 0.528711 0.002188 0.024
0.871797 0.50741 0.002188 0.028
0.877971 0.502861 0.002188 0.052
0.881161 0.512406 0.002188 0.024
0.884424 0.507902 0.002188 0.004
0.849267 0.498195 0.002188 0.044
0.848466 0.502125 0.002188 0.052
0.864074 0.514241 0.002188 0.008
0.856658 0.515665 0.002188 0.068
0.865711 0.507332 0.002188 0.096
0.860627 0.502873 0.002188 0.064
0.872608 0.527813 0.002188 0.028
0.874066 0.524986 0.002188 0.024
0.866237 0.515092 0.002188 0.016
0.867877 0.512903 0.002188 0.02
0.869437 0.514149 0.002188 0.028
0.874533 0.511808 0.002188 0.012
0.865134 0.510999 0.002188 0.024
0.866037 0.508278 0.002188 0.032
0.876378 0.519209 0.002188 0.012
0.873854 0.519236 0.002188 0
0.904394 0.561567 0.002188 0.104
0.905344 0.567658 0.002188 0.004
0.910682 0.572441 0.002188 0.1
0.902739 0.575278 0.002188 0.04
0.919043 0.577976 0.002188 0.008
0.919074 0.587168 0.002188 0.056
0.925021 0.59216 0.002188 0.044
0.923169 0.595941 0.002188 0.036
0.919248 0.599687 0.002188 0.004
0.917981 0.602067 0.002188 0.008
0.915125 0.605342 0.002188 0.092
0.914875 0.611497 0.002188 0.004
0.916724 0.617631 0.002188 0.008
0.914215 0.620774 0.002188 0.012
0.899679 0.570909 0.002188 0.04
0.888252 0.572323 0.002188 0.028
0.910802 0.623147 0.002188 0.044
0.902445 0.629179 0.002188 0.004
0.900488 0.592599 0.002188 0.016
0.901128 0.584987 0.002188 0.028
0.895809 0.580585 0.002188 0.012
0.900149 0.572373 0.002188 0.08
0.900181 0.63156 0.002188 0.024
0.902162 0.637583 0.002188 0.048
0.895011 0.618597 0.002188 0.012
0.901137 0.620002 0.002188 0.008
0.882088 0.636715 0.002188 0.032
0.888233 0.639993 0.002188 0
0.892853 0.626552 0.002188 0
0.891516 0.632622 0.002188 0.008
0.88364 0.5925 0.002188 0.032
0.882283 0.600367 0.002188 0.004
0.883777 0.588005 0.002188 0
0.887802 0.579738 0.002188 0
0.880811 0.614612 0.002188 0.016
0.880088 0.609473 0.002188 0.032
0.880948 0.620263 0.002188 0.028
0.885114 0.62668 0.002188 0.052
0.893825 0.604831 0.002188 0.012
0.890999 0.609775 0.002188 0
0.89623 0.603519 0.002188 0.016
0.897162 0.598033 0.002188 0.024
0.887391 0.601736 0.002188 0.004
0.889425 0.596725 0.002188 0.032
0.888557 0.604537 0.002188 0.008
0.885111 0.613962 0.002188 0.024
0.889408 0.592646 0.002188 0.02
0.897968 0.593684 0.002188 0.016
0.892496 0.614186 0.002188 0.008
0.889963 0.61502 0.002188 0.008
0.899399 0.603089 0.002188 0.036
0.902101 0.599183 0.002188 0.032
0.902904 0.604698 0.002188 0.06
0.899479 0.608448 0.002188 0.02
0.911794 0.609906 0.002188 0.008
0.908267 0.607908 0.002188 0.012
0.907592 0.600628 0.002188 0.004
0.910738 0.599094 0.002188 0
0.910515 0.595966 0.002188 0.04
0.910185 0.592591 0.002188 0.024
0.906191 0.616172 0.002188 0.016
0.901767 0.613233 0.002188 0.02
0.653109 0.651439 0.002188 0.068
0.653277 0.650845 0.002188 0.084
0.64332 0.653001 0.002188 0.128
0.650392 0.6575 0.002188 0.016
0.63807 0.63284 0.002188 0.032
0.629808 0.635468 0.002188 0.056
0.634731 0.62709 0.002188 0.012
0.640527 0.631951 0.002188 0.04
0.631312 0.638911 0.002188 0
0.629106 0.641516 0.002188 0.032
0.637139 0.6377 0.002188 0.008
0.631152 0.647599 0.002188 0.1
0.636676 0.651315 0.002188 0.028
0.635894 0.646565 0.002188 0.188
0.63932 0.648458 0.002188 0.016
0.636726 0.652846 0.002188 0.14
0.641378 0.658322 0.002188 0.004
0.637237 0.65563 0.002188 0.004
0.633207 0.659075 0.002188 0.004
0.632725 0.659625 0.002188 0.004
0.637233 0.660345 0.002188 0.028
0.640898 0.65883 0.002188 0.02
0.641788 0.680393 0.002188 0.004
0.643559 0.684836 0.002188 0.016
0.636064 0.686268 0.002188 0.036
0.640228 0.684552 0.002188 0.008
0.642497 0.682195 0.002188 0
0.634673 0.684389 0.002188 0.004
0.643722 0.680107 0.002188 0.004
0.643582 0.676929 0.002188 0.044
0.633403 0.678421 0.002188 0.02
0.634203 0.680156 0.002188 0
0.632633 0.68039 0.002188 0
0.638411 0.680147 0.002188 0.008
0.631224 0.683068 0.002188 0
0.637924 0.677432 0.002188 0.032
0.629393 0.626439 0.002188 0.048
0.637908 0.626056 0.002188 0.056
0.639488 0.616698 0.002188 0.012
0.642409 0.624344 0.002188 0.08
0.688418 0.572185 0.002188 0.008
0.690393 0.565711 0.002188 0
0.679436 0.571897 0.002188 0
0.676286 0.569767 0.002188 0
0.67666 0.580253 0.002188 0.04
0.677233 0.578226 0.002188 0.088
0.686561 0.589656 0.002188 0.052
0.680934 0.586765 0.002188 0
0.680906 0.592665 0.002188 0.056
0.681118 0.594346 0.002188 0.004
0.683964 0.598753 0.002188 0.004
0.690516 0.601558 0.002188 0.008
0.678602 0.607108 0.002188 0
0.677498 0.606814 0.002188 0
0.682404 0.609224 0.002188 0
0.689138 0.609436 0.002188 0.012
0.682313 0.613948 0.002188 0.004
0.684851 0.61444 0.002188 0
0.682618 0.621055 0.002188 0.012
0.683764 0.621467 0.002188 0.024
0.687273 0.623077 0.002188 0.076
0.679686 0.624513 0.002188 0.02
0.681188 0.628459 0.002188 0
0.674873 0.626013 0.002188 0.02
0.684448 0.636877 0.002188 0
0.684244 0.637358 0.002188 0.004
0.679298 0.631906 0.002188 0.076
0.69036 0.633953 0.002188 0.012
0.677073 0.641992 0.002188 0.032
0.676928 0.646528 0.002188 0.06
0.684275 0.640706 0.002188 0.028
0.690288 0.640476 0.002188 0.016
0.681335 0.648711 0.002188 0.028
0.677131 0.65186 0.002188 0.112
0.690218 0.655194 0.002188 0.028
0.679105 0.66405 0.002188 0.152
0.687124 0.662935 0.002188 0.024
0.694001 0.657458 0.002188 0.02
0.688155 0.658466 0.002188 0
0.693056 0.675866 0.002188 0.084
0.685609 0.674145 0.002188 0.004
0.695796 0.670683 0.002188 0
0.69398 0.67144 0.002188 0
0.686456 0.680892 0.002188 0
0.695357 0.684972 0.002188 0.012
0.695162 0.676031 0.002188 0.04
0.689766 0.680954 0.002188 0.02
0.681373 0.516196 0.002188 0.076
0.68543 0.522499 0.002188 0.004
0.6915 0.517519 0.002188 0.02
0.689899 0.522289 0.002188 0.004
0.694319 0.53293 0.002188 0
0.684104 0.528034 0.002188 0.068
0.683467 0.535914 0.002188 0.008
0.682038 0.537686 0.002188 0.084
0.679714 0.545797 0.002188 0.016
0.679905 0.541208 0.002188 0.032
0.688805 0.546479 0.002188 0
0.688239 0.545287 0.002188 0.004
0.684335 0.55982 0.002188 0
0.681327 0.55639 0.002188 0
0.691609 0.553237 0.002188 0.048
0.68964 0.55446 0.002188 0.004
0.651908 0.682036 0.002188 0.004
0.651901 0.681919 0.002188 0.004
0.656164 0.685523 0.002188 0.016
0.662042 0.6873 0.002188 0.052
0.656711 0.678421 0.002188 0.008
0.660879 0.679586 0.002188 0
0.65425 0.67873 0.002188 0.004
0.652096 0.679231 0.002188 0.004
0.657344 0.562758 0.002188 0.004
0.65792 0.554941 0.002188 0.032
0.6514 0.556797 0.002188 0
0.6476 0.556735 0.002188 0
0.657572 0.552582 0.002188 0.048
0.647137 0.571297 0.002188 0.012
0.646015 0.568146 0.002188 0.052
0.648544 0.569394 0.002188 0.056
0.657441 0.571951 0.002188 0.008
0.655109 0.573589 0.002188 0
0.659062 0.576224 0.002188 0.088
0.650149 0.588657 0.002188 0.008
0.64825 0.584806 0.002188 0
0.649047 0.585729 0.002188 0
0.658046 0.589819 0.002188 0.14
0.658703 0.584239 0.002188 0.184
0.657282 0.585551 0.002188 0.044
0.653066 0.601892 0.002188 0.016
0.648651 0.60075 0.002188 0
0.651313 0.600981 0.002188 0.008
0.65101 0.594538 0.002188 0.02
0.655386 0.597726 0.002188 0.004
0.657101 0.594725 0.002188 0.104
0.649806 0.612036 0.002188 0
0.647883 0.614073 0.002188 0.004
0.648789 0.613073 0.002188 0
0.656944 0.612159 0.002188 0.064
0.656782 0.609622 0.002188 0.056
0.656856 0.610737 0.002188 0.06
0.66057 0.616789 0.002188 0.008
0.664734 0.620641 0.002188 0
0.664553 0.621825 0.002188 0.008
0.662596 0.616945 0.002188 0.008
0.672307 0.619675 0.002188 0.02
0.654928 0.615308 0.002188 0.004
0.647904 0.616148 0.002188 0.008
0.656038 0.62018 0.002188 0.008
0.650373 0.622383 0.002188 0.012
0.643844 0.621958 0.002188 0.004
0.644933 0.620359 0.002188 0
0.669205 0.549513 0.002188 0
0.661469 0.54827 0.002188 0
0.673447 0.550388 0.002188 0.016
0.671852 0.540605 0.002188 0.024
0.669194 0.540035 0.002188 0.04
0.668875 0.539205 0.002188 0.06
0.645416 0.538527 0.002188 0.036
0.655948 0.546692 0.002188 0
0.648521 0.538335 0.002188 0.036
0.649162 0.541889 0.002188 0
0.645605 0.546884 0.002188 0.016
0.646965 0.542292 0.002188 0.016
0.64847 0.549449 0.002188 0.02
0.639718 0.560125 0.002188 0
0.641324 0.564342 0.002188 0.008
0.641069 0.561181 0.002188 0.004
0.632947 0.559199 0.002188 0
0.638751 0.55433 0.002188 0.004
0.631838 0.555723 0.002188 0
0.652287 0.67222 0.002188 0.044
0.646929 0.673986 0.002188 0
0.650349 0.673571 0.002188 0.008
0.649035 0.671373 0.002188 0.008
0.65403 0.672799 0.002188 0.1
0.643624 0.667968 0.002188 0.196
0.649203 0.669486 0.002188 0.036
0.655147 0.667052 0.002188 0.008
0.645609 0.664107 0.002188 0
0.648746 0.660178 0.002188 0.02
0.653942 0.660349 0.002188 0.012
0.63763 0.669594 0.002188 0
0.636272 0.670965 0.002188 0
0.643868 0.674423 0.002188 0.012
0.638923 0.674093 0.002188 0.008
0.638315 0.67404 0.002188 0.012
0.641247 0.6696 0.002188 0.004
0.637252 0.675614 0.002188 0.012
0.633077 0.676602 0.002188 0.016
0.634338 0.676242 0.002188 0.012
0.632414 0.672075 0.002188 0.004
0.628363 0.674221 0.002188 0.032
0.62946 0.673544 0.002188 0.004
0.636363 0.666925 0.002188 0
0.634479 0.66638 0.002188 0
0.628713 0.664784 0.002188 0.02
0.631697 0.668303 0.002188 0.004
0.630734 0.667543 0.002188 0
0.639581 0.6607 0.002188 0.036
0.63954 0.660212 0.002188 0.056
0.642605 0.660359 0.002188 0.024
0.638815 0.662555 0.002188 0.004
0.639772 0.661806 0.002188 0.012
0.628145 0.545243 0.002188 0.092
0.625793 0.541425 0.002188 0.06
0.621832 0.536864 0.002188 0.076
0.625153 0.534088 0.002188 0
0.628554 0.532189 0.002188 0
0.629284 0.52929 0.002188 0.152
0.62616 0.521777 0.002188 0.036
0.628348 0.522116 0.002188 0.004
0.629055 0.528022 0.002188 0.108
0.622664 0.521944 0.002188 0.068
0.623418 0.528016 0.002188 0.084
0.629285 0.531708 0.002188 0.116
0.625013 0.678856 0.002188 0.004
0.629206 0.683184 0.002188 0.004
0.629967 0.68576 0.002188 0.036
0.62596 0.681437 0.002188 0
0.621844 0.680349 0.002188 0.012
0.62825 0.678724 0.002188 0.008
0.627377 0.685254 0.002188 0.024
0.62315 0.68699 0.002188 0.048
0.621666 0.683888 0.002188 0
0.62379 0.681903 0.002188 0
0.622569 0.683041 0.002188 0
0.624177 0.6865 0.002188 0.044
0.627081 0.550467 0.002188 0.068
0.627609 0.547224 0.002188 0.168
0.624171 0.545125 0.002188 0.156
0.625204 0.558735 0.002188 0.012
0.62902 0.559142 0.002188 0
0.627514 0.554503 0.002188 0.008
0.622072 0.665057 0.002188 0
0.620236 0.664737 0.002188 0
0.621394 0.664325 0.002188 0.004
0.621767 0.664105 0.002188 0.004
0.624691 0.664253 0.002188 0.012
0.621047 0.669345 0.002188 0.028
0.624864 0.667358 0.002188 0.008
0.624361 0.66985 0.002188 0.008
0.625212 0.664873 0.002188 0.032
0.627456 0.664445 0.002188 0.008
0.622627 0.512035 0.002188 0.016
0.622498 0.514266 0.002188 0
0.626463 0.512271 0.002188 0.02
0.628704 0.512333 0.002188 0.044
0.626106 0.514264 0.002188 0.024
0.628792 0.519455 0.002188 0.048
0.624614 0.51667 0.002188 0.024
0.626351 0.518154 0.002188 0.044
0.62839 0.515273 0.002188 0
0.620247 0.673429 0.002188 0
0.624863 0.677602 0.002188 0
0.62024 0.67559 0.002188 0
0.623508 0.677175 0.002188 0
0.618629 0.672267 0.002188 0.016
0.627429 0.673802 0.002188 0.004
0.62012 0.671378 0.002188 0.016
0.626128 0.673306 0.002188 0
0.626347 0.671291 0.002188 0.004
0.621709 0.671605 0.002188 0.004
0.615725 0.552786 0.002188 0.008
0.616223 0.551269 0.002188 0.004
0.619418 0.543103 0.002188 0.2
0.619817 0.544077 0.002188 0.184
0.620146 0.558977 0.002188 0.028
0.621001 0.55839 0.002188 0.032
0.619806 0.548056 0.002188 0.104
0.614036 0.571318 0.002188 0
0.618437 0.571424 0.002188 0.024
0.616087 0.572595 0.002188 0.008
0.619861 0.561644 0.002188 0.056
0.621224 0.560263 0.002188 0.16
0.615172 0.55809 0.002188 0.1
0.620383 0.568719 0.002188 0
0.619964 0.564953 0.002188 0
0.614073 0.582671 0.002188 0
0.614984 0.582301 0.002188 0.004
0.613808 0.587759 0.002188 0
0.616115 0.58439 0.002188 0.004
0.618495 0.590235 0.002188 0.012
0.615068 0.576894 0.002188 0.052
0.619997 0.578028 0.002188 0.032
0.618035 0.576569 0.002188 0.056
0.618479 0.582938 0.002188 0
0.618487 0.58385 0.002188 0
0.61536 0.59687 0.002188 0.008
0.611925 0.595666 0.002188 0
0.613744 0.597573 0.002188 0
0.612019 0.598749 0.002188 0
0.61696 0.603548 0.002188 0
0.614808 0.59533 0.002188 0.016
0.615054 0.597658 0.002188 0.004
0.618012 0.592578 0.002188 0
0.618651 0.598045 0.002188 0
0.618137 0.594939 0.002188 0
0.614327 0.592867 0.002188 0
0.617047 0.599751 0.002188 0
0.618911 0.592747 0.002188 0
0.618345 0.599667 0.002188 0
0.614443 0.60946 0.002188 0.012
0.615628 0.613139 0.002188 0.012
0.614081 0.612531 0.002188 0
0.613009 0.616136 0.002188 0.044
0.613088 0.612387 0.002188 0
0.618378 0.612863 0.002188 0
0.616994 0.605189 0.002188 0
0.617138 0.605844 0.002188 0
0.613979 0.606277 0.002188 0.004
0.614928 0.60761 0.002188 0.008
0.617917 0.614144 0.002188 0.012
0.615868 0.604356 0.002188 0
0.611964 0.62409 0.002188 0.032
0.614723 0.622025 0.002188 0.008
0.617273 0.627303 0.002188 0.168
0.617736 0.617196 0.002188 0.004
0.615118 0.619198 0.002188 0.008
0.614521 0.616669 0.002188 0.012
0.618809 0.617466 0.002188 0.036
0.612133 0.631306 0.002188 0.004
0.615176 0.635695 0.002188 0.116
0.6176 0.638048 0.002188 0.128
0.616629 0.631441 0.002188 0.024
0.616817 0.632054 0.002188 0.036
0.611738 0.64651 0.002188 0.06
0.612898 0.642762 0.002188 0.02
0.617647 0.640353 0.002188 0.064
0.611587 0.655383 0.002188 0.012
0.61183 0.650913 0.002188 0.044
0.614899 0.651567 0.002188 0.056
0.612515 0.649423 0.002188 0.076
0.612323 0.663615 0.002188 0.008
0.615267 0.662371 0.002188 0
0.613039 0.662071 0.002188 0
0.6114 0.663516 0.002188 0.004
0.617406 0.659954 0.002188 0
0.617597 0.660152 0.002188 0
0.614805 0.658898 0.002188 0.036
0.616522 0.657471 0.002188 0.084
0.614061 0.658542 0.002188 0.08
0.613384 0.667908 0.002188 0.004
0.611023 0.670482 0.002188 0
0.61218 0.665283 0.002188 0.004
0.61146 0.669106 0.002188 0
0.613368 0.666188 0.002188 0.004
0.616418 0.66805 0.002188 0.004
0.615931 0.670463 0.002188 0.008
0.617851 0.668642 0.002188 0
0.615391 0.670983 0.002188 0.008
0.614266 0.668035 0.002188 0.004
0.616888 0.667703 0.002188 0
0.614715 0.676226 0.002188 0.004
0.612401 0.675645 0.002188 0
0.610582 0.679034 0.002188 0.02
0.610443 0.676852 0.002188 0.008
0.614689 0.676444 0.002188 0.004
0.614221 0.676732 0.002188 0
0.612899 0.677624 0.002188 0.016
0.6157 0.67533 0.002188 0.004
0.614738 0.671441 0.002188 0
0.618081 0.673226 0.002188 0
0.614813 0.671237 0.002188 0
0.611813 0.671293 0.002188 0.004
0.611508 0.671601 0.002188 0.008
0.611152 0.671379 0.002188 0.008
0.620615 0.684546 0.002188 0
0.616825 0.681646 0.002188 0
0.611431 0.679713 0.002188 0.024
0.615929 0.683036 0.002188 0.008
0.620499 0.685421 0.002188 0.012
0.615278 0.682143 0.002188 0.004
0.616381 0.683657 0.002188 0.004
0.619747 0.684895 0.002188 0.008
0.613831 0.687487 0.002188 0.06
0.614257 0.686008 0.002188 0.028
0.612762 0.686473 0.002188 0.044
0.616353 0.686677 0.002188 0.04
0.612604 0.68535 0.002188 0.02
0.614213 0.686378 0.002188 0.044
0.617241 0.509953 0.002188 0.008
0.616187 0.509644 0.002188 0.012
0.61708 0.513098 0.002188 0.036
0.619051 0.510783 0.002188 0.016
0.615788 0.511445 0.002188 0.004
0.618796 0.516113 0.002188 0.032
0.620715 0.51358 0.002188 0
0.615628 0.515165 0.002188 0.084
0.617956 0.514006 0.002188 0.004
0.61805 0.515807 0.002188 0.04
0.617423 0.514646 0.002188 0.016
0.617734 0.520914 0.002188 0.12
0.617667 0.519279 0.002188 0.08
0.618655 0.517636 0.002188 0.024
0.618851 0.51887 0.002188 0.028
0.617023 0.525686 0.002188 0.092
0.61599 0.519115 0.002188 0.008
0.614996 0.524179 0.002188 0.052
0.614331 0.523533 0.002188 0
0.616162 0.539203 0.002188 0.024
0.615527 0.531856 0.002188 0.004
0.614627 0.534997 0.002188 0.012
0.61458 0.538909 0.002188 0.012
0.620791 0.536729 0.002188 0.12
0.620431 0.5328 0.002188 0.068
0.615074 0.526415 0.002188 0.076
0.73284 0.598826 0.002188 0.016
0.728973 0.593267 0.002188 0.076
0.73055 0.609056 0.002188 0
0.73489 0.616764 0.002188 0.016
0.735083 0.623355 0.002188 0.008
0.736331 0.618523 0.002188 0.072
0.736916 0.636369 0.002188 0.056
0.742402 0.634268 0.002188 0.06
0.740979 0.648327 0.002188 0
0.743865 0.645754 0.002188 0.024
0.738833 0.658964 0.002188 0.004
0.738714 0.651946 0.002188 0.036
0.738686 0.668786 0.002188 0.004
0.739653 0.673291 0.002188 0.108
0.738901 0.677105 0.002188 0.012
0.744296 0.682175 0.002188 0.008
0.739166 0.533775 0.002188 0.056
0.739872 0.525038 0.002188 0
0.734751 0.539842 0.002188 0.008
0.73869 0.537534 0.002188 0
0.732754 0.553631 0.002188 0.056
0.732915 0.549624 0.002188 0.004
0.729178 0.555825 0.002188 0.048
0.729335 0.562172 0.002188 0.008
0.733667 0.572899 0.002188 0.02
0.731551 0.574259 0.002188 0.008
0.727532 0.586162 0.002188 0
0.734262 0.586371 0.002188 0.004
0.849796 0.56729 0.002188 0.032
0.847124 0.563631 0.002188 0.064
0.856552 0.586064 0.002188 0.036
0.851159 0.581543 0.002188 0.028
0.853473 0.59237 0.002188 0.016
0.853548 0.598994 0.002188 0.016
0.854928 0.617209 0.002188 0
0.859345 0.616249 0.002188 0.008
0.854401 0.633501 0.002188 0.068
0.857106 0.625216 0.002188 0
0.857072 0.635141 0.002188 0.132
0.855396 0.643937 0.002188 0.048
0.856784 0.647862 0.002188 0.044
0.853643 0.649326 0.002188 0
0.852267 0.662326 0.002188 0.04
0.853194 0.658595 0.002188 0.06
0.825714 0.514043 0.002188 0.076
0.824528 0.509594 0.002188 0.04
0.827432 0.515531 0.002188 0.036
0.829143 0.519102 0.002188 0.048
0.840311 0.539178 0.002188 0.108
0.836689 0.529978 0.002188 0.036
0.840959 0.545 0.002188 0.076
0.846652 0.549744 0.002188 0.096
0.901634 0.682009 0.002188 0.02
0.900957 0.681934 0.002188 0.02
0.90369 0.679601 0.002188 0.076
0.903175 0.676661 0.002188 0.008
0.907539 0.67149 0.002188 0.06
0.90636 0.671513 0.002188 0.044
0.910229 0.668566 0.002188 0.108
0.908913 0.672046 0.002188 0.056
0.911928 0.665366 0.002188 0
0.910351 0.665478 0.002188 0.028
0.850173 0.465022 0.002188 0.088
0.84597 0.465817 0.002188 0.036
0.841045 0.468706 0.002188 0.068
0.84365 0.46666 0.002188 0.024
0.839041 0.470464 0.002188 0.052
0.836593 0.471907 0.002188 0.104
0.859761 0.476584 0.002188 0.116
0.863358 0.476058 0.002188 0.496
0.894229 0.649284 0.002188 0.136
0.900698 0.653989 0.002188 0.128
0.88998 0.656558 0.002188 0.02
0.892103 0.653189 0.002188 0
0.887326 0.660783 0.002188 0.056
0.887052 0.657541 0.002188 0.016
0.885492 0.668941 0.002188 0.144
0.882782 0.66656 0.002188 0.092
0.883156 0.671052 0.002188 0.052
0.882956 0.671617 0.002188 0.076
0.84979 0.48407 0.002188 0.032
0.847936 0.484569 0.002188 0.032
0.852078 0.482388 0.002188 0.064
0.853418 0.483328 0.002188 0.1
0.960143 0.666511 0.002188 0.116
0.959314 0.667188 0.002188 0.112
0.960107 0.668428 0.002188 0.004
0.960839 0.669235 0.002188 0.128
0.966239 0.664769 0.002188 0.088
0.966526 0.66467 0.002188 0.26
0.962572 0.663844 0.002188 0.128
0.961413 0.664395 0.002188 0.128
0.962987 0.670545 0.002188 0.072
0.962355 0.670885 0.002188 0.032
0.964558 0.671048 0.002188 0.084
0.966043 0.670116 0.002188 0.076
0.967142 0.666929 0.002188 0.084
0.967634 0.666422 0.002188 0.024
0.966265 0.669699 0.002188 0.052
0.967543 0.668781 0.002188 0.052
0.982881 0.627687 0.002188 0.06
0.982578 0.628497 0.002188 0.04
0.983557 0.630561 0.002188 0.04
0.983672 0.630902 0.002188 0.048
0.98766 0.624218 0.002188 0.08
0.987421 0.623639 0.002188 0.228
0.984194 0.624272 0.002188 0.06
0.982423 0.625615 0.002188 0.04
0.986706 0.631065 0.002188 0.16
0.988201 0.631242 0.002188 0.092
0.98872 0.63028 0.002188 0.052
0.988673 0.630985 0.002188 0.092
0.989941 0.625798 0.002188 0.112
0.988256 0.624083 0.002188 0.092
0.989587 0.627668 0.002188 0.132
0.990055 0.627242 0.002188 0.016
0.979558 0.573273 0.002188 0.128
0.980947 0.575861 0.002188 0.1
0.981252 0.575995 0.002188 0.068
0.982638 0.575878 0.002188 0.032
0.982292 0.568034 0.002188 0.068
0.978925 0.568887 0.002188 0.104
0.979288 0.569845 0.002188 0.108
0.978897 0.572028 0.002188 0.12
0.984894 0.574716 0.002188 0.084
0.986987 0.573576 0.002188 0.116
0.987123 0.573233 0.002188 0.168
0.987098 0.571759 0.002188 0.1
0.985553 0.568413 0.002188 0.1
0.982801 0.567767 0.002188 0.02
0.986067 0.569726 0.002188 0.212
0.9859 0.568265 0.002188 0.116
0.961903 0.541158 0.002188 0.112
0.963354 0.543256 0.002188 0.032
0.964294 0.54319 0.002188 0.084
0.964296 0.543431 0.002188 0.2
0.962945 0.537217 0.002188 0.016
0.962533 0.537022 0.002188 0.12
0.961521 0.540159 0.002188 0.168
0.96155 0.540549 0.002188 0.128
0.967294 0.542095 0.002188 0.492
0.968078 0.540735 0.002188 0.444
0.968245 0.53986 0.002188 0.432
0.967817 0.537892 0.002188 0.12
0.965732 0.5366 0.002188 0.108
0.965717 0.536008 0.002188 0.144
0.96738 0.537773 0.002188 0.268
0.966601 0.536753 0.002188 0.14
0.912377 0.685811 0.002188 0.052
0.913194 0.686747 0.002188 0.112
0.915805 0.678972 0.002188 0.108
0.915985 0.678482 0.002188 0.056
0.91408 0.686203 0.002188 0.08
0.914651 0.686347 0.002188 0.032
0.915691 0.685343 0.002188 0.144
0.916656 0.684899 0.002188 0.184
0.917181 0.683238 0.002188 0.06
0.917866 0.682622 0.002188 0.008
0.918361 0.681744 0.002188 0.12
0.917866 0.681241 0.002188 0.068
0.914747 0.677925 0.002188 0.052
0.914911 0.677477 0.002188 0.208
0.912605 0.677727 0.002188 0.068
0.912404 0.676984 0.002188 0.108
0.909745 0.680686 0.002188 0.08
0.909524 0.680706 0.002188 0.056
0.908921 0.683361 0.002188 0.028
0.909183 0.68431 0.002188 0.016
