# 1st line: vertCount boneCount maxInfluences
# Each subsequent line corresponds to a vertex.
# In each line, the first number is the number of bone influences for the vertex.
# The next numbers are "influence" pairs of {bone index, bone weight}.
1059 23 4
2 0 0.728000 1 0.272000 
2 0 0.837000 1 0.163000 
2 0 0.839000 1 0.161000 
2 0 0.729000 1 0.271000 
2 0 0.719000 1 0.281000 
2 0 0.842000 1 0.158000 
2 0 0.842000 1 0.158000 
2 0 0.716000 1 0.284000 
2 0 0.826000 1 0.174000 
2 0 0.714000 1 0.286000 
2 0 0.723000 1 0.277000 
2 0 0.835000 1 0.165000 
2 0 0.707000 1 0.293000 
2 0 0.838000 1 0.162000 
2 0 0.849000 1 0.151000 
2 0 0.711000 1 0.289000 
2 0 0.814000 1 0.186000 
2 0 0.692000 1 0.308000 
2 0 0.697000 1 0.303000 
2 0 0.815000 1 0.185000 
2 1 0.241000 2 0.759000 
2 1 0.124000 2 0.876000 
2 1 0.129000 2 0.871000 
2 1 0.246000 2 0.754000 
2 1 0.106000 2 0.894000 
2 1 0.216000 2 0.784000 
2 1 0.198000 2 0.802000 
3 1 0.092000 2 0.802000 3 0.106000 
3 1 0.115000 2 0.732000 3 0.153000 
3 1 0.089000 2 0.722000 3 0.189000 
2 1 0.176000 2 0.824000 
2 1 0.240000 2 0.760000 
2 1 0.260000 2 0.740000 
3 1 0.134000 2 0.705000 3 0.161000 
2 1 0.184000 2 0.816000 
3 1 0.169000 2 0.732000 3 0.099000 
2 1 0.330000 2 0.670000 
2 1 0.367000 2 0.633000 
2 1 0.190000 2 0.810000 
2 1 0.358000 2 0.642000 
2 1 0.348000 2 0.652000 
2 1 0.169000 2 0.831000 
2 1 0.308000 2 0.692000 
2 1 0.157000 2 0.843000 
2 1 0.040000 2 0.960000 
2 1 0.047000 2 0.953000 
2 1 0.038000 2 0.962000 
1 2 1.000000 
1 2 1.000000 
1 2 1.000000 
2 2 0.397000 19 0.603000 
2 2 0.927000 19 0.073000 
2 2 0.900000 19 0.100000 
2 2 0.405000 19 0.595000 
2 1 0.086000 2 0.914000 
2 1 0.064000 2 0.936000 
2 1 0.051000 2 0.949000 
1 2 1.000000 
2 2 0.426000 15 0.574000 
2 2 0.679000 15 0.321000 
3 2 0.774000 15 0.110000 19 0.116000 
3 2 0.542000 15 0.380000 19 0.078000 
2 2 0.310000 11 0.690000 
2 2 0.608000 11 0.392000 
3 2 0.611000 11 0.139000 15 0.250000 
3 2 0.299000 11 0.530000 15 0.171000 
2 2 0.310000 7 0.690000 
2 2 0.622000 7 0.378000 
3 2 0.596000 7 0.186000 11 0.218000 
3 2 0.385000 7 0.483000 11 0.132000 
2 2 0.211000 7 0.789000 
3 2 0.430000 3 0.192000 7 0.378000 
3 2 0.587000 3 0.076000 7 0.337000 
2 2 0.294000 7 0.706000 
3 2 0.060000 3 0.535000 4 0.405000 
3 2 0.042000 3 0.302000 4 0.656000 
3 2 0.044000 3 0.273000 4 0.683000 
3 2 0.119000 3 0.442000 4 0.439000 
3 2 0.040000 3 0.602000 4 0.358000 
3 2 0.005000 3 0.360000 4 0.635000 
3 2 0.008000 3 0.328000 4 0.664000 
3 2 0.030000 3 0.616000 4 0.354000 
3 2 0.066000 3 0.585000 4 0.349000 
3 2 0.004000 3 0.360000 4 0.636000 
2 2 0.466000 3 0.534000 
2 2 0.576000 3 0.424000 
1 5 1.000000 
1 5 1.000000 
1 5 1.000000 
1 5 1.000000 
1 21 1.000000 
1 21 1.000000 
1 21 1.000000 
1 21 1.000000 
1 9 1.000000 
1 9 1.000000 
1 9 1.000000 
1 9 1.000000 
1 13 1.000000 
1 13 1.000000 
1 13 1.000000 
1 13 1.000000 
1 17 1.000000 
1 17 1.000000 
1 17 1.000000 
1 17 1.000000 
2 7 0.087000 8 0.913000 
2 7 0.276000 8 0.724000 
2 7 0.339000 8 0.661000 
2 7 0.096000 8 0.904000 
2 7 0.113000 8 0.887000 
2 7 0.294000 8 0.706000 
2 7 0.294000 8 0.706000 
2 7 0.122000 8 0.878000 
2 7 0.129000 8 0.871000 
2 7 0.297000 8 0.703000 
2 7 0.078000 8 0.922000 
2 7 0.299000 8 0.701000 
2 7 0.324000 8 0.676000 
2 7 0.076000 8 0.924000 
3 19 0.049000 20 0.821000 21 0.130000 
2 19 0.320000 20 0.680000 
2 19 0.312000 20 0.688000 
3 19 0.044000 20 0.862000 21 0.094000 
3 19 0.062000 20 0.774000 21 0.164000 
2 19 0.316000 20 0.684000 
3 19 0.035000 20 0.793000 21 0.172000 
2 19 0.304000 20 0.696000 
2 19 0.293000 20 0.707000 
3 19 0.044000 20 0.783000 21 0.173000 
3 19 0.051000 20 0.869000 21 0.080000 
2 19 0.302000 20 0.698000 
2 19 0.302000 20 0.698000 
3 19 0.055000 20 0.823000 21 0.122000 
2 4 0.637000 5 0.363000 
2 4 0.295000 5 0.705000 
2 4 0.243000 5 0.757000 
2 4 0.541000 5 0.459000 
2 4 0.525000 5 0.475000 
2 4 0.270000 5 0.730000 
2 4 0.228000 5 0.772000 
2 4 0.523000 5 0.477000 
2 4 0.284000 5 0.716000 
2 4 0.574000 5 0.426000 
2 4 0.677000 5 0.323000 
2 4 0.309000 5 0.691000 
2 4 0.304000 5 0.696000 
2 4 0.653000 5 0.347000 
3 2 0.229000 3 0.742000 4 0.029000 
3 2 0.193000 3 0.776000 4 0.031000 
3 2 0.573000 3 0.406000 4 0.021000 
4 2 0.460000 3 0.369000 4 0.050000 7 0.121000 
2 8 0.085000 9 0.915000 
1 9 1.000000 
1 9 1.000000 
2 8 0.080000 9 0.920000 
2 8 0.092000 9 0.908000 
1 9 1.000000 
1 9 1.000000 
2 8 0.053000 9 0.947000 
2 8 0.098000 9 0.902000 
1 9 1.000000 
2 12 0.119000 13 0.881000 
1 13 1.000000 
1 13 1.000000 
2 12 0.102000 13 0.898000 
2 12 0.105000 13 0.895000 
1 13 1.000000 
1 13 1.000000 
2 12 0.122000 13 0.878000 
2 12 0.082000 13 0.918000 
1 13 1.000000 
2 16 0.049000 17 0.951000 
1 17 1.000000 
1 17 1.000000 
2 16 0.054000 17 0.946000 
2 16 0.059000 17 0.941000 
1 17 1.000000 
1 17 1.000000 
2 16 0.061000 17 0.939000 
2 16 0.050000 17 0.950000 
1 17 1.000000 
1 17 1.000000 
2 16 0.055000 17 0.945000 
2 20 0.124000 21 0.876000 
1 21 1.000000 
1 21 1.000000 
2 20 0.121000 21 0.879000 
2 20 0.115000 21 0.885000 
1 21 1.000000 
1 21 1.000000 
2 20 0.116000 21 0.884000 
2 20 0.107000 21 0.893000 
1 21 1.000000 
2 0 0.835000 1 0.165000 
2 0 0.917000 1 0.083000 
2 0 0.933000 1 0.067000 
2 0 0.872000 1 0.128000 
2 0 0.901000 1 0.099000 
2 0 0.902000 1 0.098000 
2 0 0.910000 1 0.090000 
2 0 0.918000 1 0.082000 
2 0 0.926000 1 0.074000 
2 0 0.929000 1 0.071000 
2 0 0.927000 1 0.073000 
2 0 0.931000 1 0.069000 
2 0 0.924000 1 0.076000 
2 0 0.924000 1 0.076000 
1 0 0.957000 
1 0 0.902000 
1 0 0.906000 
1 0 0.957000 
1 0 0.948000 
1 0 0.897000 
1 0 0.902000 
1 0 0.958000 
1 0 0.976000 
1 0 0.911000 
1 0 0.919000 
1 0 0.973000 
2 0 0.708000 1 0.292000 
2 0 0.538000 1 0.462000 
2 0 0.517000 1 0.483000 
2 0 0.560000 1 0.440000 
2 0 0.577000 1 0.423000 
2 0 0.368000 1 0.632000 
2 0 0.296000 1 0.704000 
2 0 0.291000 1 0.709000 
2 0 0.367000 1 0.633000 
2 0 0.596000 1 0.404000 
2 0 0.594000 1 0.406000 
2 0 0.589000 1 0.411000 
2 0 0.462000 1 0.538000 
2 0 0.461000 1 0.539000 
2 0 0.433000 1 0.567000 
2 0 0.428000 1 0.572000 
2 0 0.871000 1 0.129000 
2 0 0.933000 1 0.067000 
2 0 0.794000 1 0.206000 
2 0 0.801000 1 0.199000 
2 0 0.579000 1 0.421000 
2 0 0.504000 1 0.496000 
2 0 0.549000 1 0.451000 
2 0 0.479000 1 0.521000 
2 0 0.249000 1 0.751000 
2 0 0.397000 1 0.603000 
2 0 0.229000 1 0.771000 
2 0 0.363000 1 0.637000 
2 0 0.316000 1 0.684000 
2 0 0.184000 1 0.816000 
2 0 0.257000 1 0.743000 
2 0 0.403000 1 0.597000 
2 0 0.205000 1 0.795000 
2 0 0.229000 1 0.771000 
2 0 0.372000 1 0.628000 
2 0 0.328000 1 0.672000 
2 0 0.288000 1 0.712000 
2 0 0.177000 1 0.823000 
2 0 0.149000 1 0.851000 
2 0 0.145000 1 0.855000 
2 0 0.133000 1 0.867000 
2 0 0.122000 1 0.878000 
2 0 0.072000 1 0.928000 
2 0 0.131000 1 0.869000 
2 0 0.901000 1 0.099000 
2 0 0.815000 1 0.185000 
2 0 0.697000 1 0.303000 
2 0 0.549000 1 0.451000 
2 0 0.229000 1 0.771000 
2 0 0.372000 1 0.628000 
2 0 0.119000 1 0.881000 
2 0 0.107000 1 0.893000 
2 0 0.119000 1 0.881000 
2 0 0.095000 1 0.905000 
1 0 0.897000 
1 0 0.945000 
2 0 0.034000 1 0.966000 
2 0 0.041000 1 0.959000 
2 0 0.051000 1 0.949000 
2 0 0.046000 1 0.954000 
2 0 0.030000 1 0.970000 
2 0 0.031000 1 0.969000 
2 0 0.041000 1 0.959000 
2 0 0.041000 1 0.959000 
2 0 0.041000 1 0.959000 
2 0 0.043000 1 0.957000 
1 1 1.000000 
1 1 1.000000 
1 1 1.000000 
1 1 1.000000 
1 1 1.000000 
1 1 1.000000 
1 1 1.000000 
1 1 1.000000 
1 1 1.000000 
1 1 1.000000 
1 1 1.000000 
1 1 1.000000 
1 1 1.000000 
1 1 1.000000 
1 1 1.000000 
1 1 1.000000 
1 1 1.000000 
1 1 1.000000 
1 1 1.000000 
1 1 1.000000 
2 1 0.964000 2 0.036000 
2 1 0.954000 2 0.046000 
2 1 0.968000 2 0.032000 
2 1 0.979000 2 0.021000 
2 1 0.984000 2 0.016000 
2 1 0.978000 2 0.022000 
1 1 1.000000 
2 1 0.950000 2 0.050000 
2 1 0.959000 2 0.041000 
2 1 0.961000 2 0.039000 
2 1 0.961000 2 0.039000 
2 1 0.970000 2 0.030000 
2 1 0.847000 2 0.153000 
2 1 0.893000 2 0.107000 
2 1 0.923000 2 0.077000 
2 1 0.900000 2 0.100000 
2 1 0.897000 2 0.103000 
2 1 0.896000 2 0.104000 
2 1 0.849000 2 0.151000 
2 1 0.880000 2 0.120000 
2 1 0.911000 2 0.089000 
2 1 0.911000 2 0.089000 
2 1 0.888000 2 0.112000 
2 1 0.575000 2 0.425000 
2 1 0.548000 2 0.452000 
2 1 0.753000 2 0.247000 
2 1 0.770000 2 0.230000 
2 1 0.755000 2 0.245000 
2 1 0.561000 2 0.439000 
2 1 0.778000 2 0.222000 
2 1 0.551000 2 0.449000 
2 1 0.749000 2 0.251000 
2 1 0.548000 2 0.452000 
2 1 0.679000 2 0.321000 
2 1 0.439000 2 0.561000 
2 1 0.723000 2 0.277000 
2 1 0.452000 2 0.548000 
2 1 0.764000 2 0.236000 
2 1 0.492000 2 0.508000 
2 1 0.485000 2 0.515000 
2 1 0.492000 2 0.508000 
2 1 0.764000 2 0.236000 
2 1 0.726000 2 0.274000 
2 11 0.133000 12 0.867000 
2 11 0.408000 12 0.592000 
2 11 0.362000 12 0.638000 
2 11 0.137000 12 0.863000 
2 11 0.183000 12 0.817000 
2 11 0.419000 12 0.581000 
2 11 0.424000 12 0.576000 
2 11 0.174000 12 0.826000 
2 11 0.153000 12 0.847000 
2 11 0.429000 12 0.571000 
2 11 0.386000 12 0.614000 
2 11 0.092000 12 0.908000 
2 11 0.394000 12 0.606000 
2 11 0.128000 12 0.872000 
3 15 0.075000 16 0.674000 17 0.251000 
2 15 0.308000 16 0.692000 
2 15 0.290000 16 0.710000 
3 15 0.058000 16 0.677000 17 0.265000 
3 15 0.089000 16 0.627000 17 0.284000 
2 15 0.319000 16 0.681000 
2 15 0.333000 16 0.667000 
3 15 0.067000 16 0.636000 17 0.297000 
3 15 0.059000 16 0.652000 17 0.289000 
2 15 0.307000 16 0.693000 
2 15 0.316000 16 0.684000 
3 15 0.074000 16 0.649000 17 0.277000 
3 15 0.065000 16 0.684000 17 0.251000 
2 15 0.326000 16 0.674000 
1 9 1.000000 
1 9 1.000000 
2 8 0.013000 9 0.987000 
2 8 0.027000 9 0.973000 
1 13 1.000000 
1 13 1.000000 
2 12 0.016000 13 0.984000 
2 12 0.010000 13 0.990000 
1 21 1.000000 
1 21 1.000000 
2 20 0.014000 21 0.986000 
2 20 0.030000 21 0.970000 
1 17 1.000000 
1 17 1.000000 
2 16 0.012000 17 0.988000 
2 16 0.011000 17 0.989000 
2 7 0.091000 8 0.909000 
2 7 0.333000 8 0.667000 
2 7 0.299000 8 0.701000 
2 7 0.078000 8 0.922000 
1 9 1.000000 
1 9 1.000000 
2 8 0.090000 9 0.910000 
2 8 0.080000 9 0.920000 
1 9 1.000000 
1 9 1.000000 
1 9 1.000000 
1 9 1.000000 
2 8 0.064000 9 0.936000 
1 9 1.000000 
1 9 1.000000 
2 8 0.098000 9 0.902000 
2 7 0.294000 8 0.706000 
2 7 0.122000 8 0.878000 
2 11 0.176000 12 0.824000 
2 11 0.409000 12 0.591000 
2 11 0.419000 12 0.581000 
2 11 0.183000 12 0.817000 
1 13 1.000000 
1 13 1.000000 
2 12 0.085000 13 0.915000 
2 12 0.102000 13 0.898000 
1 13 1.000000 
1 13 1.000000 
1 13 1.000000 
1 13 1.000000 
2 12 0.083000 13 0.917000 
1 13 1.000000 
1 13 1.000000 
2 12 0.082000 13 0.918000 
2 11 0.394000 12 0.606000 
2 11 0.128000 12 0.872000 
2 15 0.326000 16 0.674000 
3 15 0.065000 16 0.684000 17 0.251000 
1 17 1.000000 
2 16 0.055000 17 0.945000 
1 17 1.000000 
1 17 1.000000 
1 17 1.000000 
1 17 1.000000 
2 16 0.050000 17 0.950000 
1 17 1.000000 
1 17 1.000000 
2 16 0.049000 17 0.951000 
2 15 0.283000 16 0.717000 
3 15 0.060000 16 0.636000 17 0.304000 
3 15 0.067000 16 0.636000 17 0.297000 
2 15 0.333000 16 0.667000 
3 19 0.015000 20 0.842000 21 0.143000 
2 19 0.316000 20 0.684000 
1 21 1.000000 
2 20 0.098000 21 0.902000 
1 21 1.000000 
1 21 1.000000 
1 21 1.000000 
1 21 1.000000 
2 20 0.088000 21 0.912000 
1 21 1.000000 
1 21 1.000000 
2 20 0.107000 21 0.893000 
2 19 0.312000 20 0.688000 
3 19 0.044000 20 0.862000 21 0.094000 
3 2 0.020000 7 0.914000 8 0.066000 
3 2 0.128000 7 0.821000 11 0.051000 
3 2 0.112000 7 0.802000 11 0.086000 
3 2 0.035000 7 0.855000 8 0.110000 
3 2 0.030000 7 0.884000 8 0.086000 
2 2 0.155000 7 0.845000 
2 2 0.138000 7 0.862000 
3 2 0.023000 7 0.904000 8 0.073000 
2 2 0.118000 7 0.882000 
3 2 0.039000 7 0.869000 8 0.092000 
3 2 0.044000 7 0.827000 8 0.129000 
2 2 0.102000 7 0.898000 
2 2 0.118000 7 0.882000 
3 2 0.039000 7 0.869000 8 0.092000 
3 2 0.029000 7 0.824000 8 0.147000 
2 2 0.097000 7 0.903000 
3 2 0.035000 7 0.855000 8 0.110000 
3 2 0.112000 7 0.802000 11 0.086000 
3 2 0.100000 7 0.841000 11 0.059000 
3 2 0.022000 7 0.829000 8 0.149000 
2 8 0.261000 9 0.739000 
2 8 0.636000 9 0.364000 
2 8 0.608000 9 0.392000 
2 8 0.249000 9 0.751000 
2 8 0.629000 9 0.371000 
2 8 0.260000 9 0.740000 
2 8 0.249000 9 0.751000 
2 8 0.608000 9 0.392000 
2 8 0.720000 9 0.280000 
2 8 0.286000 9 0.714000 
2 8 0.292000 9 0.708000 
2 8 0.655000 9 0.345000 
2 8 0.635000 9 0.365000 
2 8 0.243000 9 0.757000 
2 8 0.243000 9 0.757000 
2 8 0.635000 9 0.365000 
2 8 0.673000 9 0.327000 
2 8 0.297000 9 0.703000 
2 8 0.251000 9 0.749000 
2 8 0.623000 9 0.377000 
2 11 0.678000 12 0.322000 
3 2 0.035000 11 0.844000 12 0.121000 
3 2 0.026000 11 0.862000 12 0.112000 
2 11 0.684000 12 0.316000 
2 11 0.682000 12 0.318000 
3 2 0.033000 11 0.882000 12 0.085000 
3 2 0.030000 11 0.860000 12 0.110000 
2 11 0.687000 12 0.313000 
3 2 0.026000 11 0.882000 12 0.092000 
2 11 0.686000 12 0.314000 
2 11 0.729000 12 0.271000 
3 2 0.032000 11 0.897000 12 0.071000 
3 2 0.026000 11 0.882000 12 0.092000 
2 11 0.686000 12 0.314000 
2 11 0.697000 12 0.303000 
3 2 0.025000 11 0.877000 12 0.098000 
2 11 0.684000 12 0.316000 
3 2 0.026000 11 0.862000 12 0.112000 
3 2 0.016000 11 0.914000 12 0.070000 
2 11 0.669000 12 0.331000 
2 12 0.338000 13 0.662000 
2 12 0.670000 13 0.330000 
2 12 0.632000 13 0.368000 
2 12 0.318000 13 0.682000 
2 12 0.629000 13 0.371000 
2 12 0.299000 13 0.701000 
2 12 0.318000 13 0.682000 
2 12 0.632000 13 0.368000 
2 12 0.624000 13 0.376000 
2 12 0.291000 13 0.709000 
2 12 0.297000 13 0.703000 
2 12 0.642000 13 0.358000 
2 12 0.710000 13 0.290000 
2 12 0.369000 13 0.631000 
2 12 0.369000 13 0.631000 
2 12 0.710000 13 0.290000 
2 12 0.749000 13 0.251000 
2 12 0.373000 13 0.627000 
2 12 0.323000 13 0.677000 
2 12 0.668000 13 0.332000 
2 15 0.872000 16 0.128000 
2 2 0.072000 15 0.928000 
2 2 0.062000 15 0.938000 
2 15 0.860000 16 0.140000 
2 15 0.949000 16 0.051000 
2 2 0.049000 15 0.951000 
2 2 0.071000 15 0.929000 
2 15 0.876000 16 0.124000 
2 15 0.914000 16 0.086000 
2 2 0.027000 15 0.973000 
2 15 0.867000 16 0.133000 
2 2 0.053000 15 0.947000 
2 2 0.027000 15 0.973000 
2 15 0.914000 16 0.086000 
2 15 0.854000 16 0.146000 
2 2 0.073000 15 0.927000 
2 2 0.062000 15 0.938000 
2 2 0.051000 15 0.949000 
2 15 0.859000 16 0.141000 
2 15 0.860000 16 0.140000 
2 16 0.214000 17 0.786000 
2 16 0.444000 17 0.556000 
2 16 0.464000 17 0.536000 
2 16 0.215000 17 0.785000 
2 16 0.215000 17 0.785000 
2 16 0.464000 17 0.536000 
2 16 0.470000 17 0.530000 
2 16 0.223000 17 0.777000 
2 16 0.455000 17 0.545000 
2 16 0.220000 17 0.780000 
2 16 0.185000 17 0.815000 
2 16 0.413000 17 0.587000 
2 16 0.391000 17 0.609000 
2 16 0.175000 17 0.825000 
2 16 0.406000 17 0.594000 
2 16 0.165000 17 0.835000 
2 16 0.175000 17 0.825000 
2 16 0.391000 17 0.609000 
2 16 0.203000 17 0.797000 
2 16 0.420000 17 0.580000 
2 19 0.866000 20 0.134000 
3 2 0.009000 19 0.956000 20 0.035000 
3 2 0.022000 19 0.937000 20 0.041000 
2 19 0.833000 20 0.167000 
2 19 0.828000 20 0.172000 
3 2 0.024000 19 0.928000 20 0.048000 
3 2 0.031000 19 0.919000 20 0.050000 
2 19 0.835000 20 0.165000 
3 2 0.035000 19 0.927000 20 0.038000 
2 19 0.889000 20 0.111000 
2 19 0.841000 20 0.159000 
3 2 0.025000 19 0.943000 20 0.032000 
3 2 0.035000 19 0.927000 20 0.038000 
2 19 0.889000 20 0.111000 
2 19 0.841000 20 0.159000 
3 2 0.020000 19 0.933000 20 0.047000 
3 2 0.021000 19 0.940000 20 0.039000 
2 19 0.836000 20 0.164000 
2 20 0.312000 21 0.688000 
2 20 0.609000 21 0.391000 
2 20 0.624000 21 0.376000 
2 20 0.319000 21 0.681000 
2 20 0.641000 21 0.359000 
2 20 0.328000 21 0.672000 
2 20 0.319000 21 0.681000 
2 20 0.624000 21 0.376000 
2 20 0.656000 21 0.344000 
2 20 0.310000 21 0.690000 
2 20 0.308000 21 0.692000 
2 20 0.626000 21 0.374000 
2 20 0.597000 21 0.403000 
2 20 0.309000 21 0.691000 
2 20 0.596000 21 0.404000 
2 20 0.328000 21 0.672000 
2 20 0.333000 21 0.667000 
2 20 0.577000 21 0.423000 
1 9 1.000000 
1 9 1.000000 
1 9 1.000000 
1 9 1.000000 
1 9 1.000000 
2 8 0.027000 9 0.973000 
1 13 1.000000 
1 13 1.000000 
1 13 1.000000 
1 13 1.000000 
1 13 1.000000 
2 12 0.015000 13 0.985000 
1 17 1.000000 
1 17 1.000000 
1 17 1.000000 
1 17 1.000000 
1 17 1.000000 
2 16 0.011000 17 0.989000 
1 21 1.000000 
1 21 1.000000 
1 21 1.000000 
1 21 1.000000 
2 20 0.026000 21 0.974000 
1 9 1.000000 
1 9 1.000000 
1 9 1.000000 
1 13 1.000000 
1 13 1.000000 
1 13 1.000000 
1 17 1.000000 
1 17 1.000000 
1 17 1.000000 
1 21 1.000000 
1 21 1.000000 
1 21 1.000000 
2 20 0.119000 21 0.881000 
2 16 0.076000 17 0.924000 
2 15 0.641000 16 0.359000 
2 15 0.634000 16 0.366000 
2 15 0.629000 16 0.371000 
2 15 0.634000 16 0.366000 
2 15 0.622000 16 0.378000 
2 15 0.703000 16 0.297000 
2 15 0.655000 16 0.345000 
2 15 0.635000 16 0.365000 
2 15 0.655000 16 0.345000 
2 15 0.629000 16 0.371000 
2 12 0.860000 13 0.140000 
2 12 0.905000 13 0.095000 
2 12 0.876000 13 0.124000 
2 12 0.905000 13 0.095000 
2 12 0.897000 13 0.103000 
2 12 0.894000 13 0.106000 
2 12 0.931000 13 0.069000 
2 12 0.931000 13 0.069000 
2 12 0.859000 13 0.141000 
2 12 0.847000 13 0.153000 
2 12 0.093000 13 0.907000 
2 8 0.846000 9 0.154000 
2 8 0.823000 9 0.177000 
2 8 0.851000 9 0.149000 
2 8 0.823000 9 0.177000 
2 8 0.882000 9 0.118000 
2 8 0.919000 9 0.081000 
2 8 0.869000 9 0.131000 
2 8 0.869000 9 0.131000 
2 8 0.832000 9 0.168000 
2 8 0.838000 9 0.162000 
2 7 0.642000 8 0.358000 
2 7 0.633000 8 0.367000 
2 7 0.591000 8 0.409000 
2 7 0.633000 8 0.367000 
2 7 0.722000 8 0.278000 
2 7 0.737000 8 0.263000 
2 7 0.661000 8 0.339000 
2 7 0.661000 8 0.339000 
2 7 0.639000 8 0.361000 
2 7 0.654000 8 0.346000 
2 8 0.108000 9 0.892000 
2 19 0.625000 20 0.375000 
2 19 0.632000 20 0.368000 
2 19 0.613000 20 0.387000 
2 19 0.616000 20 0.384000 
2 19 0.615000 20 0.385000 
2 19 0.643000 20 0.357000 
2 19 0.628000 20 0.372000 
2 19 0.643000 20 0.357000 
2 19 0.629000 20 0.371000 
3 2 0.149000 11 0.061000 15 0.790000 
3 2 0.131000 11 0.036000 15 0.833000 
3 2 0.164000 11 0.052000 15 0.784000 
3 2 0.149000 11 0.061000 15 0.790000 
2 2 0.232000 15 0.768000 
2 2 0.258000 15 0.742000 
2 2 0.136000 15 0.864000 
2 2 0.164000 15 0.836000 
2 2 0.136000 15 0.864000 
2 2 0.213000 15 0.787000 
2 2 0.095000 11 0.905000 
2 2 0.103000 11 0.897000 
2 2 0.128000 11 0.872000 
2 2 0.095000 11 0.905000 
2 2 0.107000 11 0.893000 
2 2 0.105000 11 0.895000 
2 2 0.085000 11 0.915000 
2 2 0.123000 11 0.877000 
2 2 0.085000 11 0.915000 
2 2 0.120000 11 0.880000 
3 2 0.083000 3 0.340000 4 0.577000 
3 2 0.286000 3 0.410000 4 0.304000 
2 4 0.343000 5 0.657000 
2 4 0.627000 5 0.373000 
1 5 1.000000 
1 5 1.000000 
3 2 0.109000 3 0.578000 4 0.313000 
3 2 0.044000 3 0.350000 4 0.606000 
2 2 0.596000 3 0.404000 
3 2 0.333000 3 0.649000 4 0.018000 
1 5 1.000000 
2 4 0.104000 5 0.896000 
2 4 0.086000 5 0.914000 
1 5 1.000000 
1 5 1.000000 
2 4 0.103000 5 0.897000 
2 4 0.080000 5 0.920000 
1 5 1.000000 
1 5 1.000000 
2 4 0.033000 5 0.967000 
2 4 0.036000 5 0.964000 
1 5 1.000000 
2 4 0.035000 5 0.965000 
1 5 1.000000 
1 5 1.000000 
2 4 0.082000 5 0.918000 
2 4 0.107000 5 0.893000 
1 5 1.000000 
1 5 1.000000 
2 4 0.127000 5 0.873000 
2 3 0.120000 4 0.880000 
2 3 0.121000 4 0.879000 
2 3 0.126000 4 0.874000 
2 3 0.142000 4 0.858000 
2 3 0.126000 4 0.874000 
2 3 0.167000 4 0.833000 
2 3 0.169000 4 0.831000 
3 2 0.087000 3 0.285000 4 0.628000 
2 3 0.136000 4 0.864000 
3 2 0.008000 3 0.328000 4 0.664000 
3 2 0.030000 3 0.616000 4 0.354000 
2 3 0.126000 4 0.874000 
2 4 0.284000 5 0.716000 
2 4 0.574000 5 0.426000 
2 4 0.103000 5 0.897000 
1 5 1.000000 
1 5 1.000000 
1 5 1.000000 
1 5 1.000000 
1 5 1.000000 
1 5 1.000000 
1 5 1.000000 
2 4 0.127000 5 0.873000 
1 5 1.000000 
2 4 0.627000 5 0.373000 
2 4 0.343000 5 0.657000 
3 2 0.083000 3 0.340000 4 0.577000 
2 3 0.121000 4 0.879000 
1 5 1.000000 
1 5 1.000000 
1 5 1.000000 
1 5 1.000000 
3 3 0.036000 4 0.910000 5 0.054000 
2 4 0.852000 5 0.148000 
2 4 0.812000 5 0.188000 
3 3 0.038000 4 0.898000 5 0.064000 
2 4 0.763000 5 0.237000 
3 3 0.039000 4 0.900000 5 0.061000 
2 4 0.758000 5 0.242000 
3 3 0.019000 4 0.899000 5 0.082000 
2 4 0.761000 5 0.239000 
3 3 0.035000 4 0.879000 5 0.086000 
2 4 0.765000 5 0.235000 
3 3 0.024000 4 0.904000 5 0.072000 
2 4 0.793000 5 0.207000 
3 3 0.015000 4 0.928000 5 0.057000 
3 3 0.024000 4 0.904000 5 0.072000 
2 4 0.765000 5 0.235000 
2 4 0.837000 5 0.163000 
3 3 0.023000 4 0.936000 5 0.041000 
2 4 0.852000 5 0.148000 
3 3 0.036000 4 0.910000 5 0.054000 
3 2 0.184000 3 0.524000 4 0.292000 
3 1 0.089000 2 0.722000 3 0.189000 
2 1 0.176000 2 0.824000 
2 1 0.698000 2 0.302000 
2 1 0.474000 2 0.526000 
3 2 0.196000 3 0.695000 4 0.109000 
3 2 0.434000 3 0.551000 4 0.015000 
3 2 0.331000 3 0.566000 4 0.103000 
3 2 0.138000 3 0.716000 4 0.146000 
3 2 0.105000 3 0.734000 4 0.161000 
3 2 0.074000 3 0.756000 4 0.170000 
3 2 0.158000 3 0.787000 4 0.055000 
3 2 0.087000 3 0.644000 4 0.269000 
3 2 0.152000 3 0.789000 4 0.059000 
3 2 0.158000 3 0.787000 4 0.055000 
3 2 0.074000 3 0.756000 4 0.170000 
3 2 0.229000 3 0.512000 4 0.259000 
3 2 0.404000 3 0.544000 4 0.052000 
3 2 0.286000 3 0.410000 4 0.304000 
4 2 0.460000 3 0.369000 4 0.050000 7 0.121000 
3 2 0.415000 3 0.448000 4 0.137000 
3 2 0.415000 3 0.448000 4 0.137000 
3 2 0.651000 3 0.345000 4 0.004000 
2 4 0.122000 5 0.878000 
2 4 0.119000 5 0.881000 
2 4 0.090000 5 0.910000 
2 1 0.506000 2 0.494000 
2 1 0.702000 2 0.298000 
2 2 0.581000 3 0.419000 
2 2 0.794000 3 0.206000 
2 1 0.485000 2 0.515000 
2 1 0.718000 2 0.282000 
2 2 0.192000 7 0.808000 
2 2 0.211000 7 0.789000 
3 2 0.283000 7 0.163000 11 0.554000 
2 2 0.225000 7 0.775000 
3 2 0.203000 7 0.627000 11 0.170000 
3 2 0.471000 3 0.254000 7 0.275000 
3 2 0.430000 3 0.192000 7 0.378000 
3 2 0.459000 3 0.201000 7 0.340000 
2 2 0.435000 3 0.565000 
2 2 0.364000 11 0.636000 
3 2 0.204000 7 0.234000 11 0.562000 
3 2 0.280000 11 0.566000 15 0.154000 
3 2 0.216000 11 0.724000 15 0.060000 
3 2 0.233000 11 0.267000 15 0.500000 
3 2 0.124000 11 0.240000 15 0.636000 
3 2 0.216000 11 0.724000 15 0.060000 
3 2 0.442000 11 0.093000 15 0.465000 
3 2 0.233000 11 0.267000 15 0.500000 
3 2 0.417000 15 0.485000 19 0.098000 
3 2 0.417000 15 0.485000 19 0.098000 
3 2 0.372000 15 0.570000 19 0.058000 
3 2 0.392000 15 0.158000 19 0.450000 
3 2 0.337000 15 0.182000 19 0.481000 
3 2 0.437000 15 0.168000 19 0.395000 
3 2 0.392000 15 0.158000 19 0.450000 
2 2 0.208000 19 0.792000 
2 2 0.175000 19 0.825000 
2 2 0.174000 19 0.826000 
2 2 0.208000 19 0.792000 
2 2 0.424000 15 0.576000 
2 2 0.140000 19 0.860000 
3 2 0.395000 15 0.032000 19 0.573000 
2 2 0.150000 19 0.850000 
2 2 0.426000 19 0.574000 
2 2 0.156000 19 0.844000 
2 2 0.351000 19 0.649000 
2 2 0.159000 19 0.841000 
2 2 0.160000 19 0.840000 
3 2 0.206000 7 0.540000 11 0.254000 
3 2 0.206000 7 0.540000 11 0.254000 
3 2 0.184000 7 0.175000 11 0.641000 
3 2 0.184000 7 0.175000 11 0.641000 
2 2 0.896000 19 0.104000 
4 2 0.518000 3 0.073000 7 0.269000 11 0.140000 
2 2 0.850000 11 0.150000 
3 2 0.738000 11 0.100000 15 0.162000 
2 2 0.876000 15 0.124000 
3 2 0.817000 15 0.145000 19 0.038000 
2 2 0.789000 3 0.211000 
1 2 1.000000 
1 2 1.000000 
2 0 0.614000 1 0.386000 
2 0 0.774000 1 0.226000 
2 0 0.592000 1 0.408000 
2 0 0.600000 1 0.400000 
2 0 0.790000 1 0.210000 
2 0 0.768000 1 0.232000 
2 0 0.883000 1 0.117000 
2 0 0.451000 1 0.549000 
2 0 0.447000 1 0.553000 
2 0 0.478000 1 0.522000 
2 0 0.160000 1 0.840000 
2 0 0.281000 1 0.719000 
2 0 0.134000 1 0.866000 
2 0 0.129000 1 0.871000 
2 0 0.239000 1 0.761000 
2 0 0.248000 1 0.752000 
2 0 0.079000 1 0.921000 
2 0 0.070000 1 0.930000 
2 0 0.046000 1 0.954000 
2 0 0.026000 1 0.974000 
2 0 0.015000 1 0.985000 
2 0 0.026000 1 0.974000 
1 1 1.000000 
2 1 0.953000 2 0.047000 
1 1 1.000000 
1 1 1.000000 
2 1 0.948000 2 0.052000 
2 1 0.867000 2 0.133000 
2 1 0.851000 2 0.149000 
1 1 1.000000 
1 1 1.000000 
1 0 0.977000 
1 0 0.942000 
1 0 0.948000 
1 0 0.982000 
2 0 0.879000 1 0.121000 
2 0 0.943000 1 0.057000 
2 0 0.940000 1 0.060000 
2 0 0.876000 1 0.124000 
2 0 0.943000 1 0.057000 
1 0 0.974000 
1 0 0.942000 
1 0 0.972000 
1 0 0.938000 
1 0 0.978000 
1 0 0.927000 
1 0 0.799000 
1 0 0.787000 
2 0 0.980000 1 0.020000 
2 0 0.978000 1 0.022000 
1 0 0.971000 
2 0 0.983000 1 0.017000 
2 0 0.977000 1 0.023000 
2 0 0.969000 1 0.031000 
1 0 0.973000 
1 0 0.975000 
2 0 0.966000 1 0.034000 
2 0 0.966000 1 0.034000 
1 0 0.973000 
2 0 0.977000 1 0.023000 
2 0 0.966000 1 0.034000 
2 0 0.986000 1 0.014000 
2 0 0.984000 1 0.016000 
1 0 0.992000 
1 0 0.991000 
2 0 0.989000 1 0.011000 
2 0 0.978000 1 0.022000 
1 0 0.983000 
1 0 0.985000 
2 0 0.980000 1 0.020000 
2 0 0.985000 1 0.015000 
1 0 0.987000 
2 0 0.993000 1 0.007000 
1 0 1.000000 
2 0 0.975000 1 0.025000 
2 2 0.911000 19 0.089000 
3 2 0.877000 15 0.044000 19 0.079000 
1 2 1.000000 
2 2 0.921000 3 0.079000 
1 2 1.000000 
1 2 1.000000 
1 2 1.000000 
1 2 1.000000 
2 2 0.358000 3 0.642000 
2 2 0.257000 3 0.743000 
2 2 0.358000 3 0.642000 
2 2 0.802000 3 0.198000 
1 2 1.000000 
1 2 1.000000 
1 0 0.840000 
1 0 0.712000 
1 0 0.734000 
1 0 0.855000 
1 0 0.760000 
1 0 0.870000 
1 0 0.797000 
1 0 0.885000 
1 0 0.830000 
1 0 0.895000 
1 0 0.829000 
1 0 0.828000 
1 0 0.828000 
1 0 0.833000 
1 0 0.817000 
1 0 0.950000 
1 0 0.882000 
1 0 0.856000 
2 2 0.892000 3 0.108000 
2 2 0.724000 3 0.276000 
1 2 1.000000 
1 2 1.000000 
2 2 0.975000 3 0.025000 
2 2 0.915000 3 0.085000 
2 2 0.980000 3 0.020000 
2 2 0.989000 3 0.011000 
2 2 0.966000 3 0.034000 
1 2 1.000000 
1 2 1.000000 
1 2 1.000000 
1 2 1.000000 
1 2 1.000000 
1 2 1.000000 
1 2 1.000000 
2 2 0.942000 3 0.058000 
1 2 1.000000 
1 2 1.000000 
2 2 0.950000 3 0.050000 
1 2 1.000000 
1 2 1.000000 
1 2 1.000000 
1 2 1.000000 
1 2 1.000000 
1 2 1.000000 
1 2 1.000000 
1 2 1.000000 
1 2 1.000000 
1 2 1.000000 
1 2 1.000000 
1 0 0.938000 
1 0 0.922000 
1 0 0.919000 
1 0 0.799000 
1 0 0.790000 
1 0 0.941000 
1 0 0.828000 
1 0 0.777000 
1 0 0.724000 
1 0 0.672000 
1 0 0.660000 
1 0 0.647000 
1 0 0.696000 
1 0 0.647000 
1 0 0.706000 
1 0 0.648000 
1 0 0.739000 
1 0 0.714000 
1 0 0.697000 
1 0 0.728000 
1 0 0.742000 
1 0 0.677000 
1 0 0.593000 
1 0 0.559000 
1 0 0.536000 
1 0 0.518000 
1 0 0.458000 
1 0 0.433000 
1 0 0.461000 
1 0 0.433000 
1 0 0.524000 
2 1 0.485000 2 0.515000 
2 1 0.474000 2 0.526000 
