# 1st line: vertCount boneCount maxInfluences
# Each subsequent line corresponds to a vertex.
# In each line, the first number is the number of bone influences for the vertex.
# The next numbers are "influence" pairs of {bone index, bone weight}.
1059 4 2
2 0 0.728000 1 0.272000 
2 0 0.837000 1 0.163000 
2 0 0.839000 1 0.161000 
2 0 0.729000 1 0.271000 
2 0 0.719000 1 0.281000 
2 0 0.842000 1 0.158000 
2 0 0.842000 1 0.158000 
2 0 0.716000 1 0.284000 
2 0 0.826000 1 0.174000 
2 0 0.714000 1 0.286000 
2 0 0.723000 1 0.277000 
2 0 0.835000 1 0.165000 
2 0 0.707000 1 0.293000 
2 0 0.838000 1 0.162000 
2 0 0.849000 1 0.151000 
2 0 0.711000 1 0.289000 
2 0 0.814000 1 0.186000 
2 0 0.692000 1 0.308000 
2 0 0.697000 1 0.303000 
2 0 0.815000 1 0.185000 
2 1 0.241000 2 0.759000 
2 1 0.124000 2 0.876000 
2 1 0.129000 2 0.871000 
2 1 0.246000 2 0.754000 
2 1 0.106000 2 0.894000 
2 1 0.216000 2 0.784000 
2 1 0.198000 2 0.802000 
2 1 0.092000 2 0.802000 
2 1 0.115000 2 0.732000 
2 1 0.089000 2 0.722000 
2 1 0.176000 2 0.824000 
2 1 0.240000 2 0.760000 
2 1 0.260000 2 0.740000 
2 1 0.134000 2 0.705000 
2 1 0.184000 2 0.816000 
2 1 0.169000 2 0.732000 
2 1 0.330000 2 0.670000 
2 1 0.367000 2 0.633000 
2 1 0.190000 2 0.810000 
2 1 0.358000 2 0.642000 
2 1 0.348000 2 0.652000 
2 1 0.169000 2 0.831000 
2 1 0.308000 2 0.692000 
2 1 0.157000 2 0.843000 
2 1 0.040000 2 0.960000 
2 1 0.047000 2 0.953000 
2 1 0.038000 2 0.962000 
1 2 1.000000 
1 2 1.000000 
1 2 1.000000 
1 2 0.397000 
1 2 0.927000 
1 2 0.900000 
1 2 0.405000 
2 1 0.086000 2 0.914000 
2 1 0.064000 2 0.936000 
2 1 0.051000 2 0.949000 
1 2 1.000000 
1 2 0.426000 
1 2 0.679000 
1 2 0.774000 
1 2 0.542000 
1 2 0.310000 
1 2 0.608000 
1 2 0.611000 
1 2 0.299000 
1 2 0.310000 
1 2 0.622000 
1 2 0.596000 
1 2 0.385000 
1 2 0.211000 
1 2 0.430000 
1 2 0.587000 
1 2 0.294000 
1 2 0.060000 
1 2 0.042000 
1 2 0.044000 
1 2 0.119000 
1 2 0.040000 
1 2 0.005000 
1 2 0.008000 
1 2 0.030000 
1 2 0.066000 
1 2 0.004000 
1 2 0.466000 
1 2 0.576000 
0 
0 
0 
0 
0 
0 
0 
0 
0 
0 
0 
0 
0 
0 
0 
0 
0 
0 
0 
0 
0 
0 
0 
0 
0 
0 
0 
0 
0 
0 
0 
0 
0 
0 
0 
0 
0 
0 
0 
0 
0 
0 
0 
0 
0 
0 
0 
0 
0 
0 
0 
0 
0 
0 
0 
0 
0 
0 
0 
0 
0 
0 
1 2 0.229000 
1 2 0.193000 
1 2 0.573000 
1 2 0.460000 
0 
0 
0 
0 
0 
0 
0 
0 
0 
0 
0 
0 
0 
0 
0 
0 
0 
0 
0 
0 
0 
0 
0 
0 
0 
0 
0 
0 
0 
0 
0 
0 
0 
0 
0 
0 
0 
0 
0 
0 
0 
0 
2 0 0.835000 1 0.165000 
2 0 0.917000 1 0.083000 
2 0 0.933000 1 0.067000 
2 0 0.872000 1 0.128000 
2 0 0.901000 1 0.099000 
2 0 0.902000 1 0.098000 
2 0 0.910000 1 0.090000 
2 0 0.918000 1 0.082000 
2 0 0.926000 1 0.074000 
2 0 0.929000 1 0.071000 
2 0 0.927000 1 0.073000 
2 0 0.931000 1 0.069000 
2 0 0.924000 1 0.076000 
2 0 0.924000 1 0.076000 
1 0 0.957000 
1 0 0.902000 
1 0 0.906000 
1 0 0.957000 
1 0 0.948000 
1 0 0.897000 
1 0 0.902000 
1 0 0.958000 
1 0 0.976000 
1 0 0.911000 
1 0 0.919000 
1 0 0.973000 
2 0 0.708000 1 0.292000 
2 0 0.538000 1 0.462000 
2 0 0.517000 1 0.483000 
2 0 0.560000 1 0.440000 
2 0 0.577000 1 0.423000 
2 0 0.368000 1 0.632000 
2 0 0.296000 1 0.704000 
2 0 0.291000 1 0.709000 
2 0 0.367000 1 0.633000 
2 0 0.596000 1 0.404000 
2 0 0.594000 1 0.406000 
2 0 0.589000 1 0.411000 
2 0 0.462000 1 0.538000 
2 0 0.461000 1 0.539000 
2 0 0.433000 1 0.567000 
2 0 0.428000 1 0.572000 
2 0 0.871000 1 0.129000 
2 0 0.933000 1 0.067000 
2 0 0.794000 1 0.206000 
2 0 0.801000 1 0.199000 
2 0 0.579000 1 0.421000 
2 0 0.504000 1 0.496000 
2 0 0.549000 1 0.451000 
2 0 0.479000 1 0.521000 
2 0 0.249000 1 0.751000 
2 0 0.397000 1 0.603000 
2 0 0.229000 1 0.771000 
2 0 0.363000 1 0.637000 
2 0 0.316000 1 0.684000 
2 0 0.184000 1 0.816000 
2 0 0.257000 1 0.743000 
2 0 0.403000 1 0.597000 
2 0 0.205000 1 0.795000 
2 0 0.229000 1 0.771000 
2 0 0.372000 1 0.628000 
2 0 0.328000 1 0.672000 
2 0 0.288000 1 0.712000 
2 0 0.177000 1 0.823000 
2 0 0.149000 1 0.851000 
2 0 0.145000 1 0.855000 
2 0 0.133000 1 0.867000 
2 0 0.122000 1 0.878000 
2 0 0.072000 1 0.928000 
2 0 0.131000 1 0.869000 
2 0 0.901000 1 0.099000 
2 0 0.815000 1 0.185000 
2 0 0.697000 1 0.303000 
2 0 0.549000 1 0.451000 
2 0 0.229000 1 0.771000 
2 0 0.372000 1 0.628000 
2 0 0.119000 1 0.881000 
2 0 0.107000 1 0.893000 
2 0 0.119000 1 0.881000 
2 0 0.095000 1 0.905000 
1 0 0.897000 
1 0 0.945000 
2 0 0.034000 1 0.966000 
2 0 0.041000 1 0.959000 
2 0 0.051000 1 0.949000 
2 0 0.046000 1 0.954000 
2 0 0.030000 1 0.970000 
2 0 0.031000 1 0.969000 
2 0 0.041000 1 0.959000 
2 0 0.041000 1 0.959000 
2 0 0.041000 1 0.959000 
2 0 0.043000 1 0.957000 
1 1 1.000000 
1 1 1.000000 
1 1 1.000000 
1 1 1.000000 
1 1 1.000000 
1 1 1.000000 
1 1 1.000000 
1 1 1.000000 
1 1 1.000000 
1 1 1.000000 
1 1 1.000000 
1 1 1.000000 
1 1 1.000000 
1 1 1.000000 
1 1 1.000000 
1 1 1.000000 
1 1 1.000000 
1 1 1.000000 
1 1 1.000000 
1 1 1.000000 
2 1 0.964000 2 0.036000 
2 1 0.954000 2 0.046000 
2 1 0.968000 2 0.032000 
2 1 0.979000 2 0.021000 
2 1 0.984000 2 0.016000 
2 1 0.978000 2 0.022000 
1 1 1.000000 
2 1 0.950000 2 0.050000 
2 1 0.959000 2 0.041000 
2 1 0.961000 2 0.039000 
2 1 0.961000 2 0.039000 
2 1 0.970000 2 0.030000 
2 1 0.847000 2 0.153000 
2 1 0.893000 2 0.107000 
2 1 0.923000 2 0.077000 
2 1 0.900000 2 0.100000 
2 1 0.897000 2 0.103000 
2 1 0.896000 2 0.104000 
2 1 0.849000 2 0.151000 
2 1 0.880000 2 0.120000 
2 1 0.911000 2 0.089000 
2 1 0.911000 2 0.089000 
2 1 0.888000 2 0.112000 
2 1 0.575000 2 0.425000 
2 1 0.548000 2 0.452000 
2 1 0.753000 2 0.247000 
2 1 0.770000 2 0.230000 
2 1 0.755000 2 0.245000 
2 1 0.561000 2 0.439000 
2 1 0.778000 2 0.222000 
2 1 0.551000 2 0.449000 
2 1 0.749000 2 0.251000 
2 1 0.548000 2 0.452000 
2 1 0.679000 2 0.321000 
2 1 0.439000 2 0.561000 
2 1 0.723000 2 0.277000 
2 1 0.452000 2 0.548000 
2 1 0.764000 2 0.236000 
2 1 0.492000 2 0.508000 
2 1 0.485000 2 0.515000 
2 1 0.492000 2 0.508000 
2 1 0.764000 2 0.236000 
2 1 0.726000 2 0.274000 
0 
0 
0 
0 
0 
0 
0 
0 
0 
0 
0 
0 
0 
0 
0 
0 
0 
0 
0 
0 
0 
0 
0 
0 
0 
0 
0 
0 
0 
0 
0 
0 
0 
0 
0 
0 
0 
0 
0 
0 
0 
0 
0 
0 
0 
0 
0 
0 
0 
0 
0 
0 
0 
0 
0 
0 
0 
0 
0 
0 
0 
0 
0 
0 
0 
0 
0 
0 
0 
0 
0 
0 
0 
0 
0 
0 
0 
0 
0 
0 
0 
0 
0 
0 
0 
0 
0 
0 
0 
0 
0 
0 
0 
0 
0 
0 
0 
0 
0 
0 
0 
0 
0 
0 
0 
0 
0 
0 
0 
0 
1 2 0.020000 
1 2 0.128000 
1 2 0.112000 
1 2 0.035000 
1 2 0.030000 
1 2 0.155000 
1 2 0.138000 
1 2 0.023000 
1 2 0.118000 
1 2 0.039000 
1 2 0.044000 
1 2 0.102000 
1 2 0.118000 
1 2 0.039000 
1 2 0.029000 
1 2 0.097000 
1 2 0.035000 
1 2 0.112000 
1 2 0.100000 
1 2 0.022000 
0 
0 
0 
0 
0 
0 
0 
0 
0 
0 
0 
0 
0 
0 
0 
0 
0 
0 
0 
0 
0 
1 2 0.035000 
1 2 0.026000 
0 
0 
1 2 0.033000 
1 2 0.030000 
0 
1 2 0.026000 
0 
0 
1 2 0.032000 
1 2 0.026000 
0 
0 
1 2 0.025000 
0 
1 2 0.026000 
1 2 0.016000 
0 
0 
0 
0 
0 
0 
0 
0 
0 
0 
0 
0 
0 
0 
0 
0 
0 
0 
0 
0 
0 
0 
1 2 0.072000 
1 2 0.062000 
0 
0 
1 2 0.049000 
1 2 0.071000 
0 
0 
1 2 0.027000 
0 
1 2 0.053000 
1 2 0.027000 
0 
0 
1 2 0.073000 
1 2 0.062000 
1 2 0.051000 
0 
0 
0 
0 
0 
0 
0 
0 
0 
0 
0 
0 
0 
0 
0 
0 
0 
0 
0 
0 
0 
0 
0 
1 2 0.009000 
1 2 0.022000 
0 
0 
1 2 0.024000 
1 2 0.031000 
0 
1 2 0.035000 
0 
0 
1 2 0.025000 
1 2 0.035000 
0 
0 
1 2 0.020000 
1 2 0.021000 
0 
0 
0 
0 
0 
0 
0 
0 
0 
0 
0 
0 
0 
0 
0 
0 
0 
0 
0 
0 
0 
0 
0 
0 
0 
0 
0 
0 
0 
0 
0 
0 
0 
0 
0 
0 
0 
0 
0 
0 
0 
0 
0 
0 
0 
0 
0 
0 
0 
0 
0 
0 
0 
0 
0 
0 
0 
0 
0 
0 
0 
0 
0 
0 
0 
0 
0 
0 
0 
0 
0 
0 
0 
0 
0 
0 
0 
0 
0 
0 
0 
0 
0 
0 
0 
0 
0 
0 
0 
0 
0 
0 
0 
0 
0 
0 
0 
0 
0 
0 
0 
0 
0 
0 
0 
0 
0 
1 2 0.149000 
1 2 0.131000 
1 2 0.164000 
1 2 0.149000 
1 2 0.232000 
1 2 0.258000 
1 2 0.136000 
1 2 0.164000 
1 2 0.136000 
1 2 0.213000 
1 2 0.095000 
1 2 0.103000 
1 2 0.128000 
1 2 0.095000 
1 2 0.107000 
1 2 0.105000 
1 2 0.085000 
1 2 0.123000 
1 2 0.085000 
1 2 0.120000 
1 2 0.083000 
1 2 0.286000 
0 
0 
0 
0 
1 2 0.109000 
1 2 0.044000 
1 2 0.596000 
1 2 0.333000 
0 
0 
0 
0 
0 
0 
0 
0 
0 
0 
0 
0 
0 
0 
0 
0 
0 
0 
0 
0 
0 
0 
0 
0 
0 
0 
0 
1 2 0.087000 
0 
1 2 0.008000 
1 2 0.030000 
0 
0 
0 
0 
0 
0 
0 
0 
0 
0 
0 
0 
0 
0 
0 
1 2 0.083000 
0 
0 
0 
0 
0 
0 
0 
0 
0 
0 
0 
0 
0 
0 
0 
0 
0 
0 
0 
0 
0 
0 
0 
0 
0 
1 2 0.184000 
2 1 0.089000 2 0.722000 
2 1 0.176000 2 0.824000 
2 1 0.698000 2 0.302000 
2 1 0.474000 2 0.526000 
1 2 0.196000 
1 2 0.434000 
1 2 0.331000 
1 2 0.138000 
1 2 0.105000 
1 2 0.074000 
1 2 0.158000 
1 2 0.087000 
1 2 0.152000 
1 2 0.158000 
1 2 0.074000 
1 2 0.229000 
1 2 0.404000 
1 2 0.286000 
1 2 0.460000 
1 2 0.415000 
1 2 0.415000 
1 2 0.651000 
0 
0 
0 
2 1 0.506000 2 0.494000 
2 1 0.702000 2 0.298000 
1 2 0.581000 
1 2 0.794000 
2 1 0.485000 2 0.515000 
2 1 0.718000 2 0.282000 
1 2 0.192000 
1 2 0.211000 
1 2 0.283000 
1 2 0.225000 
1 2 0.203000 
1 2 0.471000 
1 2 0.430000 
1 2 0.459000 
1 2 0.435000 
1 2 0.364000 
1 2 0.204000 
1 2 0.280000 
1 2 0.216000 
1 2 0.233000 
1 2 0.124000 
1 2 0.216000 
1 2 0.442000 
1 2 0.233000 
1 2 0.417000 
1 2 0.417000 
1 2 0.372000 
1 2 0.392000 
1 2 0.337000 
1 2 0.437000 
1 2 0.392000 
1 2 0.208000 
1 2 0.175000 
1 2 0.174000 
1 2 0.208000 
1 2 0.424000 
1 2 0.140000 
1 2 0.395000 
1 2 0.150000 
1 2 0.426000 
1 2 0.156000 
1 2 0.351000 
1 2 0.159000 
1 2 0.160000 
1 2 0.206000 
1 2 0.206000 
1 2 0.184000 
1 2 0.184000 
1 2 0.896000 
1 2 0.518000 
1 2 0.850000 
1 2 0.738000 
1 2 0.876000 
1 2 0.817000 
1 2 0.789000 
1 2 1.000000 
1 2 1.000000 
2 0 0.614000 1 0.386000 
2 0 0.774000 1 0.226000 
2 0 0.592000 1 0.408000 
2 0 0.600000 1 0.400000 
2 0 0.790000 1 0.210000 
2 0 0.768000 1 0.232000 
2 0 0.883000 1 0.117000 
2 0 0.451000 1 0.549000 
2 0 0.447000 1 0.553000 
2 0 0.478000 1 0.522000 
2 0 0.160000 1 0.840000 
2 0 0.281000 1 0.719000 
2 0 0.134000 1 0.866000 
2 0 0.129000 1 0.871000 
2 0 0.239000 1 0.761000 
2 0 0.248000 1 0.752000 
2 0 0.079000 1 0.921000 
2 0 0.070000 1 0.930000 
2 0 0.046000 1 0.954000 
2 0 0.026000 1 0.974000 
2 0 0.015000 1 0.985000 
2 0 0.026000 1 0.974000 
1 1 1.000000 
2 1 0.953000 2 0.047000 
1 1 1.000000 
1 1 1.000000 
2 1 0.948000 2 0.052000 
2 1 0.867000 2 0.133000 
2 1 0.851000 2 0.149000 
1 1 1.000000 
1 1 1.000000 
1 0 0.977000 
1 0 0.942000 
1 0 0.948000 
1 0 0.982000 
2 0 0.879000 1 0.121000 
2 0 0.943000 1 0.057000 
2 0 0.940000 1 0.060000 
2 0 0.876000 1 0.124000 
2 0 0.943000 1 0.057000 
1 0 0.974000 
1 0 0.942000 
1 0 0.972000 
1 0 0.938000 
1 0 0.978000 
1 0 0.927000 
1 0 0.799000 
1 0 0.787000 
2 0 0.980000 1 0.020000 
2 0 0.978000 1 0.022000 
1 0 0.971000 
2 0 0.983000 1 0.017000 
2 0 0.977000 1 0.023000 
2 0 0.969000 1 0.031000 
1 0 0.973000 
1 0 0.975000 
2 0 0.966000 1 0.034000 
2 0 0.966000 1 0.034000 
1 0 0.973000 
2 0 0.977000 1 0.023000 
2 0 0.966000 1 0.034000 
2 0 0.986000 1 0.014000 
2 0 0.984000 1 0.016000 
1 0 0.992000 
1 0 0.991000 
2 0 0.989000 1 0.011000 
2 0 0.978000 1 0.022000 
1 0 0.983000 
1 0 0.985000 
2 0 0.980000 1 0.020000 
2 0 0.985000 1 0.015000 
1 0 0.987000 
2 0 0.993000 1 0.007000 
1 0 1.000000 
2 0 0.975000 1 0.025000 
1 2 0.911000 
1 2 0.877000 
1 2 1.000000 
1 2 0.921000 
1 2 1.000000 
1 2 1.000000 
1 2 1.000000 
1 2 1.000000 
1 2 0.358000 
1 2 0.257000 
1 2 0.358000 
1 2 0.802000 
1 2 1.000000 
1 2 1.000000 
1 0 0.840000 
1 0 0.712000 
1 0 0.734000 
1 0 0.855000 
1 0 0.760000 
1 0 0.870000 
1 0 0.797000 
1 0 0.885000 
1 0 0.830000 
1 0 0.895000 
1 0 0.829000 
1 0 0.828000 
1 0 0.828000 
1 0 0.833000 
1 0 0.817000 
1 0 0.950000 
1 0 0.882000 
1 0 0.856000 
1 2 0.892000 
1 2 0.724000 
1 2 1.000000 
1 2 1.000000 
1 2 0.975000 
1 2 0.915000 
1 2 0.980000 
1 2 0.989000 
1 2 0.966000 
1 2 1.000000 
1 2 1.000000 
1 2 1.000000 
1 2 1.000000 
1 2 1.000000 
1 2 1.000000 
1 2 1.000000 
1 2 0.942000 
1 2 1.000000 
1 2 1.000000 
1 2 0.950000 
1 2 1.000000 
1 2 1.000000 
1 2 1.000000 
1 2 1.000000 
1 2 1.000000 
1 2 1.000000 
1 2 1.000000 
1 2 1.000000 
1 2 1.000000 
1 2 1.000000 
1 2 1.000000 
1 0 0.938000 
1 0 0.922000 
1 0 0.919000 
1 0 0.799000 
1 0 0.790000 
1 0 0.941000 
1 0 0.828000 
1 0 0.777000 
1 0 0.724000 
1 0 0.672000 
1 0 0.660000 
1 0 0.647000 
1 0 0.696000 
1 0 0.647000 
1 0 0.706000 
1 0 0.648000 
1 0 0.739000 
1 0 0.714000 
1 0 0.697000 
1 0 0.728000 
1 0 0.742000 
1 0 0.677000 
1 0 0.593000 
1 0 0.559000 
1 0 0.536000 
1 0 0.518000 
1 0 0.458000 
1 0 0.433000 
1 0 0.461000 
1 0 0.433000 
1 0 0.524000 
2 1 0.485000 2 0.515000 
2 1 0.474000 2 0.526000 
