# 1st line: vertCount boneCount maxInfluences
# Each subsequent line corresponds to a vertex.
# In each line, the first number is the number of bone influences for the vertex.
# The next numbers are "influence" pairs of {bone index, bone weight}.
109 65 2
2 4 0.005751 5 0.994249 
2 4 0.004476 5 0.995524 
2 4 0.004162 5 0.995838 
2 4 0.005535 5 0.994465 
2 4 0.011354 5 0.988646 
2 4 0.008028 5 0.991972 
2 4 0.007794 5 0.992206 
2 4 0.011195 5 0.988805 
2 4 0.011971 5 0.988029 
2 4 0.008970 5 0.991030 
2 4 0.006794 5 0.993206 
2 4 0.005072 5 0.994928 
2 4 0.007694 5 0.992306 
2 4 0.006093 5 0.993907 
2 4 0.067663 5 0.932337 
2 4 0.058330 5 0.941670 
2 4 0.042464 5 0.957536 
2 4 0.045658 5 0.954342 
2 4 0.013186 5 0.986814 
2 4 0.014682 5 0.985318 
2 4 0.023562 5 0.976438 
2 4 0.015091 5 0.984909 
2 4 0.007859 5 0.992141 
2 4 0.008902 5 0.991098 
2 4 0.011301 5 0.988699 
2 4 0.010610 5 0.989390 
2 4 0.013346 5 0.986654 
2 4 0.015531 5 0.984469 
2 4 0.016486 5 0.983514 
2 4 0.022854 5 0.977146 
2 4 0.022228 5 0.977772 
2 4 0.032413 5 0.967587 
2 4 0.030827 5 0.969173 
2 4 0.017711 5 0.982289 
2 4 0.026480 5 0.973520 
2 4 0.036391 5 0.963609 
2 4 0.046803 5 0.953197 
2 4 0.071405 5 0.928595 
2 4 0.048112 5 0.951887 
2 4 0.073374 5 0.926626 
2 4 0.015921 5 0.984079 
2 4 0.023274 5 0.976726 
2 4 0.016034 5 0.983966 
2 4 0.023500 5 0.976500 
2 4 0.033185 5 0.966815 
2 4 0.034189 5 0.965811 
2 4 0.013195 5 0.986805 
2 4 0.011709 5 0.988291 
2 4 0.007821 5 0.992179 
2 4 0.006149 5 0.993851 
2 4 0.014484 5 0.985516 
2 4 0.005181 5 0.994819 
2 4 0.004613 5 0.995387 
2 4 0.004511 5 0.995489 
2 4 0.073106 5 0.926894 
2 4 0.073160 5 0.926840 
2 4 0.066982 5 0.933018 
2 4 0.057197 5 0.942803 
2 4 0.036987 5 0.963013 
2 4 0.024243 5 0.975757 
2 4 0.003942 5 0.996058 
2 4 0.005236 5 0.994764 
2 4 0.007610 5 0.992390 
2 4 0.010808 5 0.989192 
2 4 0.007902 5 0.992098 
2 4 0.011198 5 0.988802 
2 4 0.004071 5 0.995929 
2 4 0.005766 5 0.994234 
2 4 0.004561 5 0.995439 
2 4 0.006238 5 0.993762 
2 4 0.044746 5 0.955254 
2 4 0.039298 5 0.960702 
2 4 0.054074 5 0.945926 
2 4 0.066130 5 0.933870 
2 4 0.011634 5 0.988366 
2 4 0.018392 5 0.981608 
2 4 0.012935 5 0.987065 
2 4 0.010350 5 0.989650 
2 4 0.008255 5 0.991745 
2 4 0.006918 5 0.993082 
2 4 0.005776 5 0.994224 
2 4 0.008806 5 0.991194 
2 4 0.011432 5 0.988568 
2 4 0.014783 5 0.985217 
2 4 0.014767 5 0.985233 
2 4 0.020525 5 0.979475 
2 4 0.022477 5 0.977523 
2 4 0.028263 5 0.971737 
2 4 0.031437 5 0.968563 
2 4 0.016823 5 0.983177 
2 4 0.022794 5 0.977206 
2 4 0.031776 5 0.968224 
2 4 0.069101 5 0.930899 
2 4 0.046605 5 0.953395 
2 4 0.023241 5 0.976759 
2 4 0.015386 5 0.984614 
2 4 0.032665 5 0.967335 
2 4 0.008304 5 0.991696 
2 4 0.010475 5 0.989525 
2 4 0.004532 5 0.995468 
2 4 0.005798 5 0.994202 
2 4 0.011371 5 0.988629 
2 4 0.004060 5 0.995940 
2 4 0.004171 5 0.995829 
2 4 0.067512 5 0.932488 
2 4 0.066223 5 0.933777 
2 4 0.053958 5 0.946042 
2 4 0.033036 5 0.966964 
2 4 0.018037 5 0.981963 
